3-3-9lowerBound 2 2 1 1 2 1 2 1 2 1 2 1 1 3 2 2 2 0 0 3 2 2 2 1 2 2 2 2 3 1 2 2 2 2 3 2 0 1 2 2 2 2 2 2 2 3 3 2 1 1 1 2 3 3 2 3 1 2 1 1 0 2 2 2 2 1 1 2 2 2 2 2 2 1 0 2 1 2 3 2 1 3 1 2 3 3 1 1 2 3 0 1 1 0 1 2 2 0 3 1
3-3-9upperBound 2 3 2 2 3 2 2 2 2 2 3 3 1 3 3 2 3 0 0 4 2 2 3 3 2 2 3 2 4 3 3 3 2 3 3 3 1 1 3 2 2 2 3 2 2 4 4 2 2 2 2 2 4 3 2 4 2 3 1 3 0 2 2 2 5 2 1 3 2 2 4 2 2 2 0 2 2 3 3 2 1 3 2 2 4 3 2 1 2 3 0 3 2 1 2 3 2 0 3 1
3-3-9count 2.0 3.0 2.0 2.0 3.0 2.0 2.0 2.0 2.0 2.0 3.0 3.0 1.0 3.0 3.0 2.0 3.0 0.0 0.0 4.0 2.0 2.0 3.0 3.0 2.0 2.0 3.0 2.0 4.0 3.0 3.0 3.0 2.0 3.0 3.0 3.0 1.0 1.0 3.0 2.0 2.0 2.0 3.0 2.0 2.0 4.0 4.0 2.0 2.0 2.0 2.0 2.0 3.0 3.0 2.0 4.0 2.0 3.0 1.0 3.0 0.0 2.0 2.0 2.0 5.0 2.0 1.0 3.0 2.0 2.0 4.0 2.0 2.0 2.0 0.0 2.0 2.0 3.0 3.0 2.0 1.0 3.0 2.0 2.0 4.0 3.0 2.0 1.0 2.0 3.0 0.0 3.0 2.0 1.0 2.0 3.0 2.0 0.0 3.0 1.0
3-3-9time/s 0.02 0.03 0.03 0.02 0.06 0.02 0.00 0.02 0.00 0.02 0.02 0.05 0.00 0.02 0.02 0.00 0.05 0.00 0.00 0.05 0.02 0.02 0.02 0.06 0.02 0.02 0.03 0.00 0.13 0.06 0.02 0.02 0.02 0.05 0.02 0.03 0.00 0.02 0.05 0.02 0.00 0.00 0.06 0.02 0.02 0.08 0.06 0.01 0.02 0.02 0.02 0.00 0.11 0.03 0.00 0.03 0.02 0.02 0.00 0.08 0.00 0.00 0.01 0.00 0.25 0.02 0.00 0.03 0.00 0.03 0.08 0.00 0.02 0.02 0.00 0.02 0.02 0.05 0.02 0.00 0.02 0.02 0.02 0.02 0.05 0.02 0.02 0.02 0.00 0.02 0.00 0.03 0.02 0.00 0.00 0.03 0.02 0.00 0.03 0.00
3-4-12lowerBound 3 2 4 2 4 2 5 5 1 3 4 3 3 3 3 5 1 2 3 4 2 3 1 2 2 3 2 3 5 2 3 3 5 2 3 1 3 2 2 3 1 3 2 2 3 1 2 2 2 1 2 2 3 1 5 0 2 3 4 2 2 3 2 1 1 3 3 0 1 2 3 2 2 3 3 1 2 4 3 2 3 0 0 2 2 2 3 4 2 3 2 2 3 3 2 4 2 5 2 3
3-4-12upperBound 3 2 5 3 4 4 5 5 1 4 4 5 3 3 3 6 2 2 3 4 2 4 1 2 4 3 3 3 5 2 3 4 5 3 3 1 7 5 2 4 1 4 3 2 3 1 2 2 2 1 2 2 3 1 5 2 3 5 4 2 2 4 3 2 1 3 4 1 1 2 4 2 3 3 4 3 2 6 3 2 3 0 2 2 3 2 3 4 3 3 2 2 3 3 2 5 3 5 3 4
3-4-12count 3.0 2.0 5.0 3.0 4.0 4.0 5.0 5.0 1.0 4.0 4.0 5.0 3.0 3.0 3.0 6.0 2.0 2.0 3.0 4.0 2.0 4.0 1.0 2.0 3.0 3.0 3.0 3.0 5.0 2.0 3.0 3.0 5.0 3.0 3.0 1.0 6.0 3.0 2.0 4.0 1.0 4.0 3.0 2.0 3.0 1.0 2.0 2.0 2.0 1.0 2.0 2.0 3.0 1.0 5.0 2.0 3.0 4.0 4.0 2.0 2.0 4.0 3.0 2.0 1.0 3.0 4.0 1.0 1.0 2.0 4.0 2.0 3.0 3.0 4.0 3.0 2.0 6.0 3.0 2.0 3.0 0.0 2.0 2.0 3.0 2.0 3.0 4.0 2.0 3.0 2.0 2.0 3.0 3.0 2.0 5.0 3.0 5.0 3.0 4.0
3-4-12time/s 0.06 0.03 0.42 0.09 0.08 0.20 0.48 0.34 0.02 0.23 0.22 0.39 0.03 0.05 0.05 0.72 0.00 0.02 0.05 0.14 0.02 0.20 0.00 0.02 0.19 0.02 0.09 0.02 0.41 0.03 0.06 0.28 0.20 0.06 0.06 0.00 1.75 0.27 0.03 0.23 0.00 0.08 0.06 0.00 0.05 0.02 0.03 0.00 0.02 0.00 0.03 0.00 0.06 0.02 0.33 0.05 0.06 0.45 0.06 0.00 0.01 0.34 0.19 0.05 0.00 0.09 0.17 0.02 0.00 0.00 0.11 0.00 0.11 0.03 0.20 0.19 0.03 0.58 0.03 0.02 0.05 0.00 0.02 0.02 0.02 0.02 0.02 0.19 0.11 0.06 0.02 0.03 0.05 0.08 0.00 0.22 0.09 0.36 0.05 0.14
3-5-15lowerBound 3 2 3 4 0 3 5 3 2 5 3 5 3 3 3 4 2 2 3 4 4 1 5 4 2 0 1 4 3 5 4 3 3 1 4 3 2 3 5 3 4 4 2 3 3 3 4 3 4 2 4 2 3 4 3 4 3 3 3 2 2 5 3 3 2 2 2 4 2 2 3 4 3 1 3 3 4 5 2 3 3 3 5 4 4 3 3 3 4 2 2 3 2 5 4 2 2 1 2 4
3-5-15upperBound 3 2 3 4 2 4 5 5 2 6 3 5 3 3 3 4 2 3 3 5 5 2 5 5 2 1 1 6 3 5 4 3 4 1 4 3 2 3 5 3 5 5 2 4 3 3 4 3 4 2 5 3 4 5 4 5 3 3 4 3 2 5 3 5 2 3 3 5 2 4 3 4 4 2 3 3 5 6 2 4 4 4 5 4 6 3 3 3 5 2 2 5 3 5 6 2 2 1 3 4
3-5-15count 3.0 2.0 3.0 4.0 1.0 3.0 5.0 4.0 2.0 6.0 3.0 5.0 3.0 3.0 3.0 4.0 2.0 3.0 3.0 5.0 5.0 2.0 5.0 4.0 2.0 1.0 1.0 6.0 3.0 5.0 4.0 3.0 4.0 1.0 4.0 3.0 2.0 3.0 5.0 3.0 5.0 5.0 2.0 4.0 3.0 3.0 4.0 3.0 4.0 2.0 5.0 3.0 4.0 5.0 3.0 5.0 3.0 3.0 4.0 3.0 2.0 5.0 3.0 4.0 2.0 2.0 2.0 5.0 2.0 3.0 3.0 4.0 4.0 2.0 3.0 3.0 4.0 5.0 2.0 4.0 3.0 4.0 5.0 4.0 5.0 3.0 3.0 3.0 5.0 2.0 2.0 5.0 3.0 5.0 5.0 2.0 2.0 1.0 3.0 4.0
3-5-15time/s 0.14 0.01 0.03 0.16 0.05 0.31 0.51 0.92 0.08 1.31 0.08 0.56 0.08 0.13 0.19 0.22 0.06 0.33 0.22 1.13 0.61 0.09 0.59 0.52 0.02 0.00 0.00 2.03 0.09 0.63 0.25 0.09 0.41 0.00 0.09 0.09 0.05 0.11 0.53 0.16 0.92 0.63 0.03 0.28 0.11 0.16 0.33 0.08 0.42 0.02 0.77 0.31 0.33 0.56 0.27 0.67 0.22 0.22 0.34 0.25 0.03 1.00 0.22 1.22 0.02 0.17 0.23 0.61 0.05 0.26 0.08 0.42 0.63 0.05 0.03 0.08 0.55 0.66 0.03 0.16 0.36 0.39 0.61 0.08 1.23 0.08 0.08 0.17 0.59 0.02 0.02 0.81 0.16 0.50 0.75 0.02 0.06 0.00 0.22 0.27
3-6-18lowerBound 4 5 5 3 5 4 2 2 4 4 2 5 6 7 4 5 5 2 0 3 0 4 4 3 3 4 2 5 5 3 3 4 2 5 5 3 4 2 2 3 2 5 3 4 3 3 5 4 4 6 4 4 4 3 5 3 2 2 6 5 4 5 2 2 5 3 3 4 5 5 3 3 5 5 4 5 4 2 6 4 4 3 3 5 4 1 6 5 2 2 3 4 2 3 5 3 5 4 4 6
3-6-18upperBound 7 9 7 3 7 5 2 2 5 6 2 5 9 9 5 7 5 3 1 3 0 4 5 3 3 4 2 7 7 3 5 4 3 8 5 3 4 4 4 3 2 5 3 4 3 3 7 4 5 8 5 6 4 3 6 4 4 2 8 6 4 6 3 3 8 3 3 6 6 5 3 3 5 6 5 5 6 2 7 5 4 4 3 5 5 1 6 5 2 3 3 4 4 3 6 3 7 5 7 8
3-6-18count 4.0 7.0 5.0 3.0 5.0 5.0 2.0 2.0 4.0 5.0 2.0 5.0 7.0 7.0 5.0 5.0 5.0 2.0 1.0 3.0 0.0 4.0 5.0 3.0 3.0 4.0 2.0 6.0 6.0 3.0 4.0 4.0 3.0 6.0 5.0 3.0 4.0 3.0 3.0 3.0 2.0 5.0 3.0 4.0 3.0 3.0 5.0 4.0 4.0 6.0 4.0 5.0 4.0 3.0 5.0 3.0 3.0 2.0 7.0 5.0 4.0 6.0 3.0 3.0 5.0 3.0 3.0 4.0 5.0 5.0 3.0 3.0 5.0 6.0 4.0 5.0 4.0 2.0 7.0 5.0 4.0 3.0 3.0 5.0 4.0 1.0 6.0 5.0 2.0 2.0 3.0 4.0 3.0 3.0 6.0 3.0 6.0 4.0 4.0 6.0
3-6-18time/s 2.53 48.45 1.38 0.24 3.17 1.03 0.03 0.03 0.89 2.41 0.06 0.56 27.66 4.72 0.59 3.33 0.81 0.17 0.00 0.42 0.00 0.38 0.76 0.22 0.25 0.36 0.13 2.19 3.05 0.14 1.31 0.41 0.48 13.33 1.25 0.31 0.33 0.84 0.70 0.16 0.05 1.25 0.11 0.86 0.48 0.08 6.98 0.36 1.72 4.64 0.83 2.31 0.55 0.11 1.53 0.52 0.58 0.11 30.36 0.98 0.55 3.41 0.26 0.53 6.80 0.11 0.27 1.20 2.44 0.94 0.08 0.27 0.84 1.86 0.80 0.72 2.27 0.05 21.86 1.13 0.20 0.59 0.16 1.05 1.08 0.02 1.50 0.95 0.03 0.22 0.27 0.47 0.80 0.08 4.02 0.11 11.92 1.06 1.59 18.89
4-3-12lowerBound 2 5 4 2 5 3 3 3 3 4 4 3 3 5 4 2 3 3 3 4 3 2 3 4 1 3 4 3 3 4 5 4 2 4 4 2 3 4 3 2 3 3 4 4 3 1 3 4 3 3 4 4 3 2 4 3 2 4 4 2 2 3 3 3 3 4 4 4 4 1 4 4 3 4 2 2 3 2 3 3 3 2 3 3 3 3 3 2 4 2 4 3 3 3 5 3 4 5 4 3
4-3-12upperBound 4 8 5 2 8 3 4 3 4 9 5 5 5 11 5 3 4 3 7 6 5 4 4 7 2 6 5 5 6 6 8 6 5 9 14 8 8 6 4 4 4 6 6 9 4 3 3 6 4 4 6 6 4 3 7 6 4 4 9 3 6 10 4 6 5 5 5 7 7 5 8 7 9 6 3 5 5 4 4 6 5 4 4 4 5 4 4 3 7 3 9 7 5 4 8 5 6 6 6 5
4-3-12count 4.0 8.0 5.0 2.0 7.0 3.0 4.0 3.0 4.0 8.0 5.0 5.0 4.0 9.0 5.0 3.0 4.0 3.0 6.0 6.0 5.0 4.0 4.0 7.0 2.0 5.0 5.0 4.0 6.0 6.0 7.0 5.0 5.0 8.0 6.0 5.0 7.0 6.0 4.0 4.0 4.0 6.0 6.0 8.0 4.0 3.0 3.0 5.0 4.0 4.0 5.0 6.0 4.0 3.0 6.0 6.0 4.0 4.0 7.0 3.0 5.0 8.0 4.0 5.0 4.0 5.0 5.0 6.0 7.0 3.0 8.0 7.0 6.0 6.0 3.0 3.0 5.0 4.0 4.0 6.0 5.0 4.0 4.0 4.0 5.0 4.0 4.0 3.0 7.0 3.0 6.0 6.0 5.0 4.0 8.0 5.0 6.0 6.0 6.0 4.0
4-3-12time/s 0.28 4.72 0.45 0.06 7.98 0.11 0.09 0.13 0.27 13.44 0.42 0.36 0.36 26.17 0.33 0.23 0.31 0.13 2.59 0.59 0.34 0.39 0.17 2.45 0.08 1.55 0.25 0.45 2.17 0.95 3.38 0.95 0.53 4.13 14.98 3.58 2.30 0.50 0.11 0.27 0.20 1.78 0.95 7.61 0.19 0.17 0.08 0.53 0.28 0.30 0.89 1.16 0.14 0.03 3.38 1.05 0.36 0.23 6.16 0.20 0.63 19.17 0.25 0.80 0.61 0.17 0.27 1.56 3.84 0.27 6.67 2.67 1.50 0.47 0.11 0.34 0.55 0.19 0.27 1.63 0.36 0.30 0.20 0.28 0.56 0.27 0.23 0.05 1.36 0.13 5.92 2.20 0.59 0.16 2.73 0.44 1.13 0.44 0.45 0.50
4-4-16lowerBound 6 5 5 5 3 4 5 4 3 4 7 6 7 5 2 4 1 4 4 5 5 2 4 4 6 5 4 2 6 7 3 2 3 5 6 3 3 3 4 4 3 3 5 3 5 3 6 6 8 6 4 4 4 3 3 4 5 7 5 5 4 6 4 4 4 6 6 3 4 4 4 5 3 6 4 3 4 5 3 6 5 5 3 4 4 7 4 3 6 5 5 3 5 2 5 6 5 4 5 5
4-4-16upperBound 10 10 8 6 5 5 6 8 3 6 9 8 8 7 2 8 8 7 6 12 9 2 5 10 11 8 7 3 8 10 4 4 8 11 8 3 4 9 4 6 9 5 7 4 7 6 8 9 9 11 5 5 5 8 6 7 5 10 7 7 5 11 6 6 9 6 8 13 6 13 8 6 7 10 4 6 7 6 9 9 7 5 3 8 6 12 5 6 8 15 6 6 7 11 9 7 12 5 13 9
4-4-16count 9.0 6.0 7.0 5.0 4.0 5.0 5.0 7.0 3.0 5.0 8.0 8.0 8.0 7.0 2.0 7.0 5.0 6.0 5.0 7.0 6.0 2.0 5.0 7.0 8.0 6.0 6.0 3.0 7.0 8.0 4.0 4.0 5.0 8.0 7.0 3.0 4.0 6.0 4.0 6.0 4.0 5.0 6.0 4.0 6.0 5.0 6.0 6.0 8.0 10.0 5.0 5.0 5.0 7.0 5.0 6.0 5.0 8.0 6.0 5.0 5.0 8.0 4.0 5.0 7.0 6.0 6.0 6.0 5.0 7.0 6.0 5.0 6.0 8.0 4.0 5.0 6.0 6.0 5.0 7.0 7.0 5.0 3.0 6.0 6.0 9.0 5.0 5.0 6.0 7.0 6.0 5.0 6.0 6.0 8.0 6.0 6.0 5.0 8.0 7.0
4-4-16time/s 95.17 34.05 15.23 7.77 1.03 1.28 1.59 18.05 0.11 1.23 52.64 12.77 7.17 6.81 0.31 34.95 20.98 5.20 1.63 32.64 11.30 0.33 1.05 53.52 138.00 11.63 7.06 0.70 12.48 51.83 0.83 0.92 6.67 72.16 25.44 0.52 0.42 53.56 0.41 5.97 2.03 0.81 4.45 0.55 7.27 4.66 2.75 20.03 10.91 527.06 0.81 1.05 1.64 10.77 1.44 4.75 0.91 35.80 6.66 4.38 1.69 25.77 2.45 1.88 61.61 2.02 12.63 48.52 2.31 179.77 5.14 1.48 10.91 28.06 0.78 7.02 5.67 3.03 10.64 18.81 4.64 1.30 0.58 13.50 2.92 160.11 1.56 2.66 11.58 124.28 5.47 3.64 4.94 60.77 64.03 3.75 14.66 0.45 208.75 30.36
4-5-20lowerBound 7 7 8 5 7 6 7 7 5 6 5 6 5 2 6 5 5 3 4 7 5 3 6 5 4 6 4 6 5 6 7 7 5 7 4 6 7 8 8 7 7 3 5 7 1 4 4 7 6 2 5 7 7 6 5 5 5 7 5 4 6 3 5 6 7 6 6 4 5 4 5 7 6 5 7 6 7 3 7 6 6 6 4 4 8 8 5 9 7 7 6 5 7 6 4 7 4 4 6 5
4-5-20upperBound 8 11 12 9 11 12 16 12 7 10 12 13 8 4 17 17 7 4 5 11 9 5 12 11 5 11 14 9 18 8 7 9 11 13 8 13 13 14 11 10 14 6 11 11 3 8 9 13 18 2 13 11 13 11 8 12 11 19 15 8 7 9 8 6 12 8 12 12 9 13 10 7 18 8 12 6 18 7 8 8 12 14 5 12 23 16 8 13 13 14 9 10 12 8 5 10 7 11 7 13
4-5-20count 7.0 8.0 10.0 7.0 9.0 9.0 10.0 8.0 6.0 8.0 7.0 7.0 6.0 3.0 9.0 8.0 6.0 4.0 5.0 8.0 7.0 4.0 8.0 6.0 4.0 7.0 5.0 7.0 5.0 8.0 7.0 8.0 8.0 8.0 6.0 8.0 8.0 8.0 9.0 8.0 9.0 5.0 8.0 8.0 2.0 5.0 6.0 9.0 9.0 2.0 8.0 8.0 9.0 8.0 5.0 9.0 7.0 11.0 6.0 5.0 7.0 5.0 7.0 6.0 7.0 7.0 8.0 5.0 6.0 8.0 7.0 7.0 8.0 6.0 8.0 6.0 9.0 6.0 7.0 8.0 7.0 7.0 5.0 6.0 10.0 9.0 6.0 10.0 9.0 10.0 8.0 7.0 7.0 7.0 5.0 7.0 6.0 7.0 6.0 7.0
4-5-20time/s 54.44 84.78 1044.92 92.44 473.30 499.70 5375.25 477.22 19.55 357.16 198.16 565.95 72.80 0.97 3203.39 1566.67 18.39 1.59 2.81 272.77 79.09 4.27 477.74 113.51 2.25 93.09 29.33 120.55 165.75 109.41 34.59 92.39 145.06 554.77 21.81 493.34 465.83 1276.36 478.36 230.01 679.58 5.66 128.72 345.05 1.49 10.33 155.73 622.05 15465.02 0.33 866.28 223.44 689.63 193.36 8.09 431.28 87.48 12018.13 829.56 16.97 17.59 82.50 126.53 6.64 282.28 39.53 366.69 144.88 29.59 401.30 87.98 10.66 920.27 7.92 440.95 4.74 2677.59 49.36 58.80 203.02 278.61 340.20 3.67 135.64 12742.83 1777.11 57.44 1900.94 555.81 4134.33 80.22 88.41 173.27 22.56 4.36 158.95 34.63 197.25 8.13 520.55
4-6-24lowerBound 10 7 6 6 4 3 8 5 4 7 6 5 5 5 6 8 5 5 5 5 3 8 6 6 8 9 10 4 4 4 5 4 8 6 7 8 5 10 6 7 4 6 6 7 5 7 6 6 7 8 6 9 9 5 6 6 8 7 8 7 5 6 4 4 7 7 5 6 6 5 8 8 6 6 7 4 3 4 7 10 6 10 7 4 6 5 9 7 7 6 3 3 6 7 6 8 5 9 3 7
4-6-24upperBound 15 16 8 13 14 4 11 12 18 11 9 7 10 13 11 13 9 12 7 10 12 14 10 14 12 17 14 6 6 7 11 6 15 10 17 19 11 18 9 15 9 16 11 10 11 16 11 14 12 17 16 20 13 12 11 7 20 15 14 10 9 12 7 11 17 10 7 9 14 17 21 14 13 9 8 11 4 8 15 13 11 15 9 6 10 8 15 12 12 13 6 12 8 15 9 17 6 15 5 9
4-6-24count 10.0 9.0 6.0 9.0 7.0 3.0 8.0 8.0 7.0 8.0 7.0 5.0 7.0 7.0 7.0 9.0 5.0 6.0 6.0 6.0 6.0 9.0 7.0 7.0 8.0 9.0 10.0 5.0 4.0 4.0 6.0 4.0 8.0 6.0 10.0 9.0 5.0 10.0 7.0 10.0 5.0 8.0 8.0 7.0 7.0 9.0 7.0 8.0 7.0 8.0 8.0 9.0 9.0 6.0 6.0 6.0 10.0 8.0 9.0 7.0 5.0 7.0 5.0 7.0 8.0 7.0 5.0 6.0 7.0 6.0 11.0 8.0 7.0 7.0 7.0 6.0 4.0 5.0 9.0 10.0 7.0 10.0 7.0 4.0 6.0 6.0 10.0 9.0 8.0 6.0 3.0 4.0 6.0 7.0 7.0 9.0 5.0 9.0 4.0 7.0
4-6-24time/s 2986.22 4504.05 75.64 10920.83 3832.94 8.89 1722.14 766.25 1019.55 769.64 228.75 4.92 305.95 1458.00 544.14 5308.78 89.67 464.88 54.97 216.19 540.44 4813.06 647.92 717.73 2279.48 2253.30 3092.89 12.39 7.81 6.14 407.09 8.42 4414.38 425.67 25648.17 5193.39 524.66 5799.92 407.08 23174.59 536.33 4796.67 1187.28 98.67 284.50 946.03 534.73 1796.25 967.83 6140.42 2825.92 10236.11 1521.05 861.51 1078.97 154.06 45644.20 3435.97 4459.70 567.47 255.31 465.33 60.91 267.55 2757.19 1202.78 147.19 90.91 2902.70 1436.19 226354.44 2820.55 3459.08 450.61 173.92 201.23 4.77 118.69 3399.78 6873.66 581.69 10339.55 969.72 8.00 656.42 106.05 4955.30 2409.34 438.02 1036.47 5.59 126.69 21.48 2554.55 143.47 11215.19 6.44 2957.44 11.20 27.86
5-3-15lowerBound 4 6 4 5 7 6 5 4 6 2 3 5 5 5 6 4 5 5 3 7 6 4 7 5 7 3 4 6 6 5 5 7 3 6 5 4 4 5 5 4 6 4 5 3 6 4 6 4 5 4 5 6 5 5 2 4 4 3 5 4 4 4 6 4 4 4 5 6 6 4 4 3 5 5 5 3 3 4 5 4 3 4 5 4 5 4 4 3 5 4 6 6 4 5 5 6 5 6 5 3
5-3-15upperBound 7 12 6 11 11 8 15 10 14 6 16 10 18 14 13 8 9 10 13 12 12 14 17 11 14 10 6 9 10 7 14 11 11 9 12 7 13 8 15 7 6 5 11 8 14 17 9 7 7 12 19 13 7 12 4 5 15 5 14 5 9 13 15 8 8 15 12 11 10 11 7 5 12 9 16 4 6 8 11 7 14 11 13 14 9 10 10 16 9 5 17 9 13 11 11 9 14 11 12 5
5-3-15count 6.0 10.0 6.0 10.0 10.0 8.0 8.0 6.0 11.0 5.0 6.0 8.0 10.0 10.0 9.0 6.0 7.0 10.0 8.0 11.0 10.0 7.0 11.0 10.0 12.0 8.0 6.0 9.0 10.0 7.0 11.0 9.0 8.0 9.0 9.0 5.0 7.0 6.0 10.0 7.0 6.0 5.0 10.0 8.0 10.0 9.0 8.0 7.0 7.0 9.0 10.0 10.0 7.0 9.0 4.0 5.0 9.0 5.0 11.0 5.0 7.0 8.0 9.0 7.0 8.000000000000004 7.0 8.0 10.0 9.0 7.0 6.0 5.0 11.0 9.0 10.0 4.0 6.0 8.0 8.0 6.0 9.0 9.0 8.0 10.0 8.0 8.0 8.0 10.0 7.0 5.0 8.0 9.0 8.0 10.0 10.0 9.0 9.0 9.0 9.0 5.0
5-3-15time/s 9.06 550.64 2.39 912.28 124.78 15.31 151.33 11.34 1136.81 4.52 259.16 71.80 10185.41 1244.17 381.06 24.11 21.83 99.23 84.70 243.23 566.30 141.33 2807.78 470.14 1178.31 56.47 1.81 41.44 33.67 5.11 2474.20 66.80 89.38 21.55 31.78 7.52 46.61 13.11 878.31 5.31 4.17 2.45 91.94 95.05 582.53 584.27 100.30 4.89 13.48 220.39 3820.38 727.91 6.97 131.63 4.33 1.03 329.59 4.14 3230.84 4.84 19.45 62.91 73.09 13.89 22.45 114.77 52.02 126.34 45.06 85.00 8.86 6.25 5817.08 71.36 2494.11 2.67 4.89 23.89 151.17 6.22 182.98 64.58 259.89 2451.20 48.42 54.72 25.63 1168.75 6.19 1.81 344.27 112.30 155.83 397.28 73.75 36.83 155.41 203.03 190.86 4.70
5-4-20lowerBound 6
5-4-20upperBound 22
5-4-20count 774
5-4-20time/s 14.1991
