3-3-9lowerBound 2 2 1 1 2 1 2 1 2 1 2 1 1 3 2 2 2 0 0 3 2 2 2 1 2 2 2 2 3 1 2 2 2 2 3 2 0 1 2 2 2 2 2 2 2 3 3 2 1 1 1 2 3 3 2 3 1 2 1 1 0 2 2 2 2 1 1 2 2 2 2 2 2 1 0 2 1 2 3 2 1 3 1 2 3 3 1 1 2 3 0 1 1 0 1 2 2 0 3 1
3-3-9upperBound 2 3 2 2 3 2 2 2 2 2 3 3 1 3 3 2 3 0 0 4 2 2 3 3 2 2 3 2 4 3 3 3 2 3 3 3 1 1 3 2 2 2 3 2 2 4 4 2 2 2 2 2 4 3 2 4 2 3 1 3 0 2 2 2 5 2 1 3 2 2 4 2 2 2 0 2 2 3 3 2 1 3 2 2 4 3 2 1 2 3 0 3 2 1 2 3 2 0 3 1
3-3-9count 2.0 2.0 1.0 1.0 2.0 1.0 2.0 2.0 2.0 1.0 2.0 3.0 1.0 3.0 3.0 2.0 3.0 solved solved 4.0 2.0 2.0 2.0 1.0 2.0 2.0 2.0 2.0 3.0 1.0 2.0 3.0 2.0 2.0 3.0 3.0 1.0 1.0 2.0 2.0 2.0 2.0 3.0 2.0 2.0 3.0 3.0 2.0 1.0 1.0 1.0 2.0 3.0 3.0 2.0 3.0 1.0 2.0 1.0 1.0 solved 2.0 2.0 2.0 4.0 2.0 1.0 2.0 2.0 2.0 2.0 2.0 2.0 1.0 solved 2.0 2.0 2.0 3.0 2.0 1.0 3.0 1.0 2.0 3.0 3.0 1.0 1.0 2.0 3.0 solved 2.0 solved solved 1.0 3.0 2.0 solved 3.0 1.0
3-3-9time/s 0.00 0.06 0.03 0.06 0.11 0.03 0.02 0.03 0.02 0.02 0.03 0.05 0.02 0.03 0.03 0.02 0.03 0.00 0.00 0.08 0.02 0.00 0.03 0.08 0.02 0.02 0.05 0.00 0.13 0.06 0.05 0.02 0.02 0.05 0.03 0.08 0.00 0.00 0.06 0.02 0.03 0.00 0.08 0.00 0.00 0.06 0.06 0.00 0.03 0.03 0.03 0.00 0.13 0.03 0.00 0.09 0.02 0.03 0.00 0.06 0.00 0.00 0.02 0.00 0.17 0.03 0.02 0.03 0.02 0.02 0.08 0.00 0.02 0.03 0.00 0.02 0.02 0.06 0.02 0.02 0.00 0.03 0.02 0.02 0.08 0.03 0.02 0.02 0.02 0.02 0.00 0.06 0.03 0.02 0.02 0.05 0.03 0.00 0.03 0.00
3-4-12lowerBound 3 2 4 2 4 2 5 5 1 3 4 3 3 3 3 5 1 2 3 4 2 3 1 2 2 3 2 3 5 2 3 3 5 2 3 1 3 2 2 3 1 3 2 2 3 1 2 2 2 1 2 2 3 1 5 0 2 3 4 2 2 3 2 1 1 3 3 0 1 2 3 2 2 3 3 1 2 4 3 2 3 0 0 2 2 2 3 4 2 3 2 2 3 3 2 4 2 5 2 3
3-4-12upperBound 3 2 5 3 4 4 6 5 1 4 4 5 3 3 3 6 2 2 3 4 2 4 1 2 3 3 3 3 5 2 3 4 5 3 3 1 7 3 2 4 1 4 3 2 3 1 2 2 2 1 2 2 3 1 5 2 3 5 4 2 2 5 3 2 1 3 4 1 1 2 4 2 3 3 4 3 2 6 3 2 3 0 2 2 3 2 3 4 3 3 2 2 3 3 2 5 3 5 3 4
3-4-12count 3.0 2.0 5.0 2.0 4.0 3.0 5.0 5.0 1.0 4.0 4.0 4.0 3.0 3.0 3.0 5.0 1.0 2.0 3.0 4.0 2.0 3.0 1.0 2.0 3.0 3.0 3.0 3.0 5.0 2.0 3.0 3.0 5.0 3.0 3.0 1.0 6.0 3.0 2.0 3.0 1.0 3.0 2.0 2.0 3.0 1.0 2.0 2.0 2.0 1.0 2.0 2.0 3.0 1.0 5.0 1.0 3.0 4.0 4.0 2.0 2.0 3.0 3.0 2.0 1.0 3.0 3.0 1.0 1.0 2.0 3.0 2.0 2.0 3.0 4.0 2.0 2.0 5.0 3.0 2.0 3.0 solved solved 2.0 3.0 2.0 3.0 4.0 2.0 3.0 2.0 2.0 3.0 3.0 2.0 4.0 2.0 5.0 2.0 3.0
3-4-12time/s 0.11 0.03 0.28 0.09 0.11 0.16 0.48 0.27 0.00 0.20 0.20 0.25 0.03 0.08 0.08 0.36 0.03 0.05 0.05 0.16 0.02 0.20 0.02 0.03 0.06 0.05 0.08 0.03 0.45 0.03 0.06 0.27 0.30 0.09 0.08 0.00 0.89 0.06 0.02 0.19 0.00 0.11 0.08 0.02 0.06 0.00 0.03 0.00 0.03 0.00 0.05 0.03 0.09 0.00 0.22 0.02 0.08 0.34 0.09 0.03 0.00 0.27 0.19 0.06 0.02 0.08 0.16 0.02 0.02 0.02 0.09 0.00 0.17 0.05 0.20 0.14 0.03 0.42 0.05 0.00 0.06 0.00 0.00 0.03 0.05 0.05 0.05 0.19 0.09 0.08 0.03 0.03 0.06 0.09 0.00 0.23 0.14 0.31 0.09 0.16
3-5-15lowerBound 3 2 3 4 0 3 5 3 2 5 3 5 3 3 3 4 2 2 3 4 4 1 5 4 2 0 1 4 3 5 4 3 3 1 4 3 2 3 5 3 4 4 2 3 3 3 4 3 4 2 4 2 3 4 3 4 3 3 3 2 2 5 3 3 2 2 2 4 2 2 3 4 3 1 3 3 4 5 2 3 3 3 5 4 4 3 3 3 4 2 2 3 2 5 4 2 2 1 2 4
3-5-15upperBound 3 2 3 4 1 4 5 4 2 6 3 5 3 4 3 4 2 3 3 5 5 2 5 5 2 1 1 6 3 5 4 3 4 1 4 3 2 3 5 3 5 6 2 4 4 3 4 3 5 2 5 3 4 5 3 5 3 3 5 3 2 6 3 4 2 2 2 5 2 4 3 4 5 2 3 4 4 7 2 5 5 5 6 4 8 3 3 3 6 2 3 5 3 5 8 2 2 1 3 4
3-5-15count 3.0 2.0 3.0 4.0 1.0 3.0 5.0 3.0 2.0 5.0 3.0 5.0 3.0 3.0 3.0 4.0 2.0 3.0 3.0 4.0 5.0 solved 5.0 4.0 2.0 1.0 1.0 5.0 3.0 5.0 4.0 3.0 3.0 1.0 4.0 3.0 2.0 3.0 5.0 3.0 4.0 5.0 2.0 3.0 3.0 3.0 4.0 3.0 4.0 2.0 4.0 3.0 4.0 5.0 3.0 4.0 3.0 3.0 3.0 2.0 2.0 5.0 3.0 4.0 2.0 2.0 2.0 5.0 2.0 2.0 3.0 4.0 3.0 2.0 3.0 3.0 4.0 5.0 2.0 3.0 3.0 3.0 5.0 4.0 5.0 3.0 3.0 3.0 4.0 2.0 2.0 4.0 2.0 5.0 5.0 2.0 2.0 1.0 3.0 4.0
3-5-15time/s 0.16 0.03 0.06 0.16 0.02 0.28 0.48 0.50 0.11 0.69 0.11 0.58 0.09 0.34 0.19 0.22 0.09 0.34 0.23 0.50 0.50 0.09 0.42 0.45 0.00 0.03 0.02 1.17 0.11 0.48 0.22 0.13 0.38 0.02 0.11 0.11 0.05 0.14 0.48 0.20 0.39 0.89 0.05 0.14 0.28 0.17 0.34 0.14 0.55 0.03 0.55 0.28 0.33 0.55 0.14 0.48 0.22 0.23 0.45 0.20 0.03 1.86 0.25 0.39 0.02 0.02 0.06 0.52 0.08 0.19 0.09 0.36 0.59 0.06 0.05 0.36 0.31 1.88 0.03 0.38 0.55 0.45 0.73 0.16 2.30 0.11 0.09 0.16 0.61 0.03 0.16 0.55 0.23 0.44 1.59 0.02 0.09 0.02 0.23 0.20
3-6-18lowerBound 4 5 5 3 5 4 2 2 4 4 2 5 6 7 4 5 5 2 0 3 0 4 4 3 3 4 2 5 5 3 3 4 2 5 5 3 4 2 2 3 2 5 3 4 3 3 5 4 4 6 4 4 4 3 5 3 2 2 6 5 4 5 2 2 5 3 3 4 5 5 3 3 5 5 4 5 4 2 6 4 4 3 3 5 4 1 6 5 2 2 3 4 2 3 5 3 5 4 4 6
3-6-18upperBound 5 8 7 3 6 6 2 2 4 6 2 5 9 7 5 7 5 3 1 4 0 5 5 3 3 4 2 7 7 3 5 4 3 9 5 3 5 4 4 3 2 6 3 4 3 3 6 4 6 8 4 5 4 3 5 3 4 2 7 5 4 6 4 3 7 4 3 6 6 5 3 3 5 6 5 5 5 2 7 6 4 5 3 5 4 1 6 5 2 3 3 5 5 3 6 3 6 4 8 9
3-6-18count 4.0 5.0 5.0 3.0 5.0 4.0 2.0 2.0 4.0 4.0 2.0 5.0 6.0 6.999999999999999 4.0 5.0 5.0 2.0 1.0 3.0 solved 4.0 4.0 3.0 3.0 4.0 2.0 5.0 6.0 3.0 4.0 4.0 2.0 5.0 5.0 3.0 4.0 2.0 3.0 3.0 2.0 5.0 3.0 4.0 3.0 3.0 5.0 4.0 4.0 6.0 4.0 4.0 4.0 3.0 5.0 3.0 3.0 2.0 6.0 5.0 4.0 5.0 2.0 2.0 5.0 3.0 3.0 4.0 5.0 5.0 3.0 3.0 5.0 6.0 4.0 5.0 4.0 2.0 6.0 5.0 4.0 3.0 3.0 5.0 4.0 1.0 6.0 5.0 2.0 2.0 3.0 4.0 3.0 3.0 5.0 3.0 5.0 4.0 4.0 6.0
3-6-18time/s 1.25 3.00 1.47 0.34 3.63 0.97 0.06 0.08 0.38 0.91 0.06 0.56 3.70 1.34 0.52 1.69 0.66 0.25 0.05 0.61 0.00 0.73 0.70 0.22 0.27 0.34 0.13 1.19 2.16 0.20 1.14 0.41 0.38 18.27 0.81 0.41 0.70 0.63 0.50 0.19 0.05 1.25 0.11 0.67 0.39 0.11 1.33 0.30 1.50 1.92 0.56 0.80 0.44 0.11 0.86 0.20 0.44 0.11 1.58 0.59 0.48 1.64 0.36 0.39 2.47 0.38 0.27 1.03 1.20 1.00 0.09 0.27 0.69 1.16 0.77 0.58 1.17 0.05 3.06 1.53 0.27 0.78 0.20 0.88 0.53 0.02 1.28 0.84 0.05 0.23 0.27 0.70 1.05 0.11 2.38 0.13 1.31 0.52 1.66 2.98
4-3-12lowerBound 2 5 4 2 5 3 3 3 3 4 4 3 3 5 4 2 3 3 3 4 3 2 3 4 1 3 4 3 3 4 5 4 2 4 4 2 3 4 3 2 3 3 4 4 3 1 3 4 3 3 4 4 3 2 4 3 2 4 4 2 2 3 3 3 3 4 4 4 4 1 4 4 3 4 2 2 3 2 3 3 3 2 3 3 3 3 3 2 4 2 4 3 3 3 5 3 4 5 4 3
4-3-12upperBound 4 8 5 2 8 3 4 3 4 10 5 5 4 10 5 3 4 3 6 6 5 4 4 7 2 6 5 4 7 6 8 5 5 9 7 6 7 6 4 5 5 6 6 8 4 3 3 6 4 4 8 7 4 8 7 6 4 4 10 3 5 11 5 5 5 5 5 6 7 3 8 7 15 6 3 4 5 4 4 6 6 5 4 4 5 4 4 3 7 3 9 6 5 4 8 5 6 6 6 7
4-3-12count 4.0 6.0 4.0 2.0 7.0 3.0 3.0 3.0 3.0 6.0 4.0 5.0 4.0 7.0 5.0 2.0 3.0 3.0 4.0 5.0 3.0 3.0 3.0 6.0 2.0 5.0 5.0 3.0 6.0 5.0 5.0 4.0 4.0 5.0 6.0 4.0 5.0 4.0 4.0 2.0 5.0 4.0 5.0 7.0 4.0 3.0 3.0 4.0 4.0 3.0 5.0 6.0 4.0 3.0 5.0 4.0 3.0 4.0 8.0 3.0 5.0 8.0 3.0 5.0 3.0 4.0 5.0 6.0 6.0 3.0 7.0 6.0 solved 6.0 2.0 2.0 3.0 2.0 4.0 6.0 5.0 solved 3.0 4.0 5.0 3.0 3.0 2.0 5.0 2.0 7.0 5.0 4.0 4.0 7.0 3.0 6.0 6.0 5.0 3.0
4-3-12time/s 0.28 1.69 0.23 0.09 1.83 0.09 0.14 0.14 0.30 6.34 0.33 0.45 0.17 5.59 0.41 0.25 0.27 0.14 0.56 0.66 0.25 0.33 0.19 0.84 0.11 0.61 0.38 0.20 4.38 0.50 1.53 0.38 0.31 0.89 1.16 0.72 0.66 0.27 0.16 0.28 0.52 0.56 0.50 1.88 0.39 0.11 0.11 0.44 0.41 0.31 1.28 0.67 0.17 0.38 0.67 0.56 0.28 0.23 41.69 0.23 0.34 41.48 0.38 0.42 0.55 0.25 0.41 0.69 1.47 0.19 2.50 0.75 1.36 0.59 0.14 0.17 0.23 0.16 0.33 1.11 0.56 0.25 0.23 0.27 0.53 0.28 0.30 0.05 0.73 0.14 3.53 0.41 0.38 0.16 1.98 0.30 0.47 0.41 0.45 0.67
4-4-16lowerBound 6 5 5 5 3 4 5 4 3 4 7 6 7 5 2 4 1 4 4 5 5 2 4 4 6 5 4 2 6 7 3 2 3 5 6 3 3 3 4 4 3 3 5 3 5 3 6 6 8 6 4 4 4 3 3 4 5 7 5 5 4 6 4 4 4 6 6 3 4 4 4 5 3 6 4 3 4 5 3 6 5 5 3 4 4 7 4 3 6 5 5 3 5 2 5 6 5 4 5 5
4-4-16upperBound 10 18 7 5 5 6 6 7 3 6 8 8 8 7 2 8 6 8 5 19 8 2 5 8 13 9 6 3 8 10 4 4 6 12 9 4 5 6 4 7 7 5 7 4 7 5 6 8 9 12 5 5 5 8 6 8 6 11 7 5 6 8 9 5 9 6 9 15 5 11 8 8 8 11 4 8 6 7 7 10 7 5 3 7 6 12 5 9 7 7 7 7 9 7 10 7 14 5 13 9
4-4-16count 9.0 5.0 6.0 5.0 4.0 4.0 5.0 6.0 3.0 5.0 7.0 7.0 7.0 5.0 2.0 7.0 4.0 5.0 5.0 7.0 6.0 2.0 4.0 4.0 7.0 5.0 5.0 3.0 7.0 7.0 3.0 3.0 5.0 7.0 6.0 3.0 4.0 5.0 4.0 5.0 4.0 4.0 6.0 3.0 5.0 3.0 6.0 6.0 8.0 8.0 5.0 5.0 4.0 6.0 4.0 5.0 5.0 8.0 6.0 5.0 4.0 7.0 4.0 5.0 5.0 6.0 6.0 6.0 5.0 7.0 6.0 5.0 5.0 8.0 4.0 5.0 5.0 5.0 5.0 7.0 6.0 5.0 3.0 4.0 5.0 8.0 4.0 4.0 6.0 5.0 6.0 4.0 6.0 5.0 5.0 6.0 8.0 4.0 8.0 6.0
4-4-16time/s 24.02 18.13 4.48 1.23 0.84 1.20 1.17 7.91 0.11 1.73 7.34 7.70 3.72 1.58 0.25 11.67 2.06 6.45 0.88 180.73 6.42 0.36 1.05 2.09 80.64 2.03 1.39 0.69 6.64 25.33 0.86 0.77 3.61 51.59 12.55 0.88 0.61 3.08 0.38 2.81 1.19 0.73 2.81 0.52 2.77 1.14 1.05 10.67 19.70 46.50 0.61 0.94 1.22 5.25 2.55 1.94 1.20 35.08 3.28 1.30 2.95 6.08 3.89 1.23 3.05 1.64 17.81 1365.77 1.67 30.84 9.94 1.88 7.00 25.95 0.75 9.95 1.05 5.00 1.91 17.16 4.89 0.98 0.67 1.98 1.63 55.58 1.14 3.47 4.39 2.36 9.50 2.34 10.20 12.11 28.91 3.86 361.77 0.56 89.11 25.91
4-5-20lowerBound 7 7 8 5 7 6 7 7 5 6 5 6 5 2 6 5 5 3 4 7 5 3 6 5 4 6 4 6 5 6 7 7 5 7 4 6 7 8 8 7 7 3 5 7 1 4 4 7 6 2 5 7 7 6 5 5 5 7 5 4 6 3 5 6 7 6 6 4 5 4 5 7 6 5 7 6 7 3 7 6 6 6 4 4 8 8 5 9 7 7 6 5 7 6 4 7 4 4 6 5
4-5-20upperBound 9 11 14 8 11 14 14 12 9 12 11 9 8 4 14 15 7 4 6 12 10 6 14 8 4 10 13 8 16 9 8 11 14 18 7 10 9 13 11 11 14 6 13 11 3 7 8 12 17 2 13 18 15 11 7 15 15 20 12 7 7 7 9 6 12 11 11 10 9 14 10 7 13 8 14 6 15 8 9 11 9 11 5 8 22 15 9 14 12 21 10 10 12 10 6 10 8 9 7 12
4-5-20count 7.0 7.0 8.0 6.0 7.0 7.0 10.0 8.0 5.0 6.0 6.0 7.0 6.0 solved 8.0 7.0 6.0 4.0 4.0 8.0 7.0 3.0 7.0 5.0 4.0 6.0 5.0 6.0 5.0 7.0 7.0 7.0 6.0 8.0 4.0 7.0 7.0 8.0 8.0 7.0 9.0 4.0 8.0 7.0 1.0 4.0 6.0 8.0 8.0 2.0 6.0 8.0 8.0 8.0 5.0 8.0 7.0 9.0 6.0 4.0 6.0 5.0 6.0 6.0 7.0 6.0 7.0 4.0 6.0 6.0 6.0 7.0 7.0 6.0 7.0 6.0 8.0 4.0 7.0 7.0 6.0 7.0 4.0 5.0 9.0 9.0 6.0 9.0 9.0 9.0 7.0 7.0 7.0 6.0 4.0 7.0 solved 6.0 6.0 5.0
4-5-20time/s 24.55 58.72 421.78 13.22 156.69 158.00 1570.67 563.73 77.91 278.89 66.88 195.61 37.23 0.39 805.34 359.92 11.88 1.27 2.47 265.13 94.69 2.77 254.52 6.86 1.08 69.56 58.05 14.61 132.48 35.98 11.06 157.02 266.58 1691.69 4.34 73.70 72.92 403.38 143.63 115.94 615.08 2.33 326.48 120.53 1.30 1.39 67.88 321.30 552.17 0.31 195.55 1141.05 557.80 102.14 6.92 758.16 284.70 1853.22 52.30 2.44 5.22 7.11 46.52 3.31 325.36 82.16 120.83 8.08 32.73 280.91 16.89 4.66 290.92 6.36 821.98 4.27 484.98 8.83 65.98 350.03 41.69 63.00 2.50 18.28 2996.45 626.34 73.41 674.11 338.14 1386.09 57.02 67.08 151.97 40.91 3.33 129.44 1.81 49.09 7.97 190.06
4-6-24lowerBound 10 7 6 6 4 3 8 5 4 7 6 5 5 5 6 8 5 5 5 5 3 8 6 6 8 9 10 4 4 4 5 4 8 6 7 8 5 10 6 7 4 6 6 7 5 7 6 6 7 8 6 9 9 5 6 6 8 7 8 7 5 6 4 4 7 7 5 6 6 5 8 8 6 6 7 4 3 4 7 10 6 10 7 4 6 5 9 7 7 6 3 3 6 7 6 8 5 9 3 7
4-6-24upperBound 14 16 8 16 16 4 11 17 14 11 11 7 8 16 17 14 8 11 7 7 12 20 11 18 14 20 13 7 6 6 13 7 16 10 20 17 11 16 10 14 7 16 15 8 10 16 13 15 11 16 17 19 12 10 12 9 23 16 13 11 7 11 9 9 12 11 8 11 12 14 14 13 13 10 9 8 4 9 18 15 7 16 9 4 9 8 13 12 11 14 5 9 8 13 9 15 5 15 5 8
4-6-24count 10.0 8.0 6.0 8.0 5.0 3.0 8.0 8.0 7.0 7.0 7.0 5.0 7.0 6.0 6.0 7.999999999999997 5.0 6.0 6.0 5.0 4.0 9.0 6.0 7.0 8.0 9.0 10.0 4.0 4.0 4.0 6.0 4.0 8.0 6.0 8.0 9.0 5.0 10.0 7.0 8.0 4.0 7.0 7.0 7.0 7.0 8.0 6.0 7.0 7.0 8.0 7.0 9.0 9.0 7.0 6.0 6.0 9.0 8.0 8.0 7.0 5.0 6.0 5.0 7.0 8.0 7.0 5.0 6.0 7.0 6.0 9.0 8.0 7.0 7.0 7.0 5.0 3.0 5.0 8.0 10.0 6.0 10.0 7.0 4.0 6.0 6.0 10.0 8.0 7.0 6.0 3.0 4.0 6.0 7.0 7.0 9.0 5.0 9.0 5.0 7.0
4-6-24time/s 2549.52 4708.98 23.78 3930.42 1568.78 8.09 350.16 1699.45 583.34 40.19 676.13 5.47 67.56 2514.52 1301.48 1933.48 106.39 1144.41 17.69 99.59 285.81 6846.03 607.94 3893.81 2043.73 6826.81 2320.83 7.00 20.63 5.66 1052.03 7.73 2721.61 78.48 19232.58 6174.59 65.58 3704.77 336.39 6442.09 52.39 1942.23 1750.33 88.89 795.84 1549.08 723.42 1087.69 327.16 2683.31 1624.41 4733.31 910.91 202.03 1074.95 221.80 15584.36 4121.08 1099.80 837.92 15.45 18.98 343.00 201.44 468.33 621.14 11.09 489.72 1432.77 1054.61 6013.44 1580.84 3130.36 220.95 46.41 16.33 4.89 114.91 6913.83 2372.78 18.41 5376.80 33.95 10.66 37.00 20.23 7004.56 1313.06 229.89 808.13 5.39 30.58 173.70 1444.95 66.95 9513.36 5.09 2301.06 5.67 18.58
