3-3-9lowerBound 2 2 1 1 2 1 2 1 2 1 2 1 1 3 2 2 2 0 0 3 2 2 2 1 2 2 2 2 3 1 2 2 2 2 3 2 0 1 2 2 2 2 2 2 2 3 3 2 1 1 1 2 3 3 2 3 1 2 1 1 0 2 2 2 2 1 1 2 2 2 2 2 2 1 0 2 1 2 3 2 1 3 1 2 3 3 1 1 2 3 0 1 1 0 1 2 2 0 3 1
3-3-9upperBound 2 3 2 2 3 2 2 2 2 2 3 3 1 3 3 2 3 0 0 4 2 2 3 3 2 2 3 2 4 3 3 3 2 3 3 3 1 1 3 2 2 2 3 2 2 4 4 2 2 2 2 2 4 3 2 4 2 3 1 3 0 2 2 2 5 2 1 3 2 2 4 2 2 2 0 2 2 3 3 2 1 3 2 2 4 3 2 1 2 3 0 3 2 1 2 3 2 0 3 1
3-3-9count 2.0 3.0 2.0 2.0 3.0 2.0 2.0 2.0 2.0 2.0 3.0 3.0 1.0 3.0 3.0 2.0 3.0 0.0 0.0 4.0 2.0 2.0 3.0 3.0 2.0 2.0 3.0 2.0 4.0 3.0 3.0 3.0 2.0 3.0 3.0 3.0 1.0 1.0 3.0 2.0 2.0 2.0 3.0 2.0 2.0 4.0 4.0 2.0 2.0 2.0 2.0 2.0 3.0 3.0 2.0 4.0 2.0 3.0 1.0 3.0 0.0 2.0 2.0 2.0 5.0 2.0 1.0 3.0 2.0 2.0 4.0 2.0 2.0 2.0 0.0 2.0 2.0 3.0 3.0 2.0 1.0 3.0 2.0 2.0 4.0 3.0 2.0 1.0 2.0 3.0 0.0 3.0 2.0 1.0 2.0 3.0 2.0 0.0 3.0 1.0
3-3-9time/s 0.02 0.02 0.03 0.02 0.09 0.02 0.01 0.01 0.01 0.01 0.02 0.05 0.00 0.03 0.03 0.01 0.03 0.00 0.00 0.05 0.00 0.00 0.02 0.03 0.01 0.02 0.03 0.00 0.13 0.09 0.03 0.03 0.02 0.05 0.03 0.05 0.00 0.00 0.05 0.02 0.02 0.01 0.08 0.00 0.02 0.05 0.06 0.00 0.00 0.00 0.00 0.01 0.11 0.03 0.00 0.05 0.00 0.02 0.00 0.33 0.00 0.00 0.01 0.00 0.22 0.02 0.00 0.03 0.02 0.02 0.09 0.00 0.02 0.01 0.00 0.01 0.01 0.05 0.03 0.01 0.02 0.02 0.02 0.02 0.05 0.02 0.00 0.00 0.02 0.02 0.00 0.05 0.03 0.02 0.01 0.05 0.02 0.00 0.03 0.00
3-4-12lowerBound 3 2 4 2 4 2 5 5 1 3 4 3 3 3 3 5 1 2 3 4 2 3 1 2 2 3 2 3 5 2 3 3 5 2 3 1 3 2 2 3 1 3 2 2 3 1 2 2 2 1 2 2 3 1 5 0 2 3 4 2 2 3 2 1 1 3 3 0 1 2 3 2 2 3 3 1 2 4 3 2 3 0 0 2 2 2 3 4 2 3 2 2 3 3 2 4 2 5 2 3
3-4-12upperBound 3 2 5 3 4 4 5 5 1 4 4 5 3 3 3 6 2 2 3 4 2 5 1 2 3 3 3 3 5 2 3 3 5 3 3 1 6 4 2 4 1 4 3 2 3 1 2 2 2 1 2 2 3 1 5 2 3 5 4 2 2 4 3 2 1 3 4 1 1 2 4 2 3 3 4 3 2 6 3 2 3 0 2 2 3 2 3 4 3 3 2 2 3 3 2 5 3 5 3 4
3-4-12count 3.0 2.0 5.0 3.0 4.0 4.0 5.0 5.0 1.0 4.0 4.0 5.0 3.0 3.0 3.0 6.0 2.0 2.0 3.0 4.0 2.0 4.0 1.0 2.0 3.0 3.0 3.0 3.0 5.0 2.0 3.0 3.0 5.0 3.0 3.0 1.0 6.0 3.0 2.0 4.0 1.0 4.0 3.0 2.0 3.0 1.0 2.0 2.0 2.0 1.0 2.0 2.0 3.0 1.0 5.0 2.0 3.0 4.0 4.0 2.0 2.0 4.0 3.0 2.0 1.0 3.0 4.0 1.0 1.0 2.0 4.0 2.0 3.0 3.0 4.0 3.0 2.0 6.0 3.0 2.0 3.0 0.0 2.0 2.0 3.0 2.0 3.0 4.0 2.0 3.0 2.0 2.0 3.0 3.0 2.0 5.0 3.0 5.0 3.0 4.0
3-4-12time/s 0.08 0.03 0.36 0.06 0.08 0.16 0.28 0.27 0.00 0.28 0.19 0.33 0.02 0.06 0.08 0.72 0.00 0.02 0.05 0.13 0.02 0.38 0.02 0.02 0.05 0.05 0.08 0.01 0.33 0.03 0.08 0.11 0.27 0.11 0.08 0.02 0.88 0.20 0.03 0.36 0.02 0.06 0.03 0.02 0.05 0.00 0.03 0.00 0.00 0.02 0.03 0.00 0.06 0.02 0.31 0.03 0.08 0.41 0.08 0.01 0.02 0.23 0.14 0.05 0.02 0.06 0.16 0.00 0.02 0.00 0.08 0.00 0.13 0.03 0.30 0.20 0.03 0.86 0.03 0.00 0.05 0.00 0.01 0.02 0.03 0.01 0.05 0.20 0.09 0.08 0.02 0.03 0.05 0.08 0.02 0.34 0.14 0.28 0.05 0.19
3-5-15lowerBound 3 2 3 4 0 3 5 3 2 5 3 5 3 3 3 4 2 2 3 4 4 1 5 4 2 0 1 4 3 5 4 3 3 1 4 3 2 3 5 3 4 4 2 3 3 3 4 3 4 2 4 2 3 4 3 4 3 3 3 2 2 5 3 3 2 2 2 4 2 2 3 4 3 1 3 3 4 5 2 3 3 3 5 4 4 3 3 3 4 2 2 3 2 5 4 2 2 1 2 4
3-5-15upperBound 3 2 3 4 2 5 5 5 2 6 3 5 3 4 3 4 2 3 3 5 6 2 5 4 2 1 1 6 3 5 4 3 4 1 4 3 2 3 5 3 5 6 2 4 3 3 4 3 4 2 5 3 4 5 3 5 3 3 4 3 2 5 3 5 2 2 2 5 2 4 3 4 4 2 3 3 4 5 2 4 4 4 6 4 7 3 3 3 5 2 2 5 3 5 6 2 2 1 3 5
3-5-15count 3.0 2.0 3.0 4.0 1.0 3.0 5.0 4.0 2.0 6.0 3.0 5.0 3.0 3.0 3.0 4.0 2.0 3.0 3.0 5.0 5.0 2.0 5.0 4.0 2.0 1.0 1.0 6.0 3.0 5.0 4.0 3.0 4.0 1.0 4.0 3.0 2.0 3.0 5.0 3.0 5.0 5.0 2.0 4.0 3.0 3.0 4.0 3.0 4.0 2.0 5.0 3.0 4.0 5.0 3.0 5.0 3.0 3.0 4.0 3.0 2.0 5.0 3.0 4.0 2.0 2.0 2.0 5.0 2.0 3.0 3.0 4.0 4.0 2.0 3.0 3.0 4.0 5.0 2.0 4.0 3.0 4.0 5.0 4.0 5.0 3.0 3.0 3.0 5.0 2.0 2.0 5.0 3.0 5.0 5.0 2.0 2.0 1.0 3.0 4.0
3-5-15time/s 0.14 0.03 0.06 0.19 0.03 0.44 0.47 0.86 0.06 1.13 0.13 0.45 0.08 0.38 0.17 0.19 0.06 0.30 0.20 1.03 0.78 0.14 0.55 0.39 0.00 0.02 0.00 1.31 0.08 0.47 0.22 0.09 0.34 0.02 0.13 0.09 0.05 0.09 0.53 0.14 0.84 1.14 0.03 0.27 0.11 0.13 0.30 0.09 0.36 0.02 0.64 0.27 0.33 0.59 0.14 0.61 0.20 0.24 0.26 0.20 0.01 0.99 0.22 1.06 0.02 0.03 0.06 0.48 0.06 0.38 0.09 0.38 0.44 0.05 0.05 0.09 0.30 0.52 0.02 0.16 0.33 0.39 1.02 0.14 1.83 0.11 0.08 0.16 0.55 0.02 0.03 0.61 0.17 0.36 0.78 0.02 0.08 0.00 0.20 0.36
3-6-18lowerBound 4 5 5 3 5 4 2 2 4 4 2 5 6 7 4 5 5 2 0 3 0 4 4 3 3 4 2 5 5 3 3 4 2 5 5 3 4 2 2 3 2 5 3 4 3 3 5 4 4 6 4 4 4 3 5 3 2 2 6 5 4 5 2 2 5 3 3 4 5 5 3 3 5 5 4 5 4 2 6 4 4 3 3 5 4 1 6 5 2 2 3 4 2 3 5 3 5 4 4 6
3-6-18upperBound 6 9 8 3 7 6 2 2 4 6 3 5 7 7 5 6 5 4 1 3 1 5 5 3 3 4 2 7 7 3 6 4 3 9 5 3 4 4 3 3 2 5 3 5 3 3 6 4 5 8 5 6 4 3 7 3 4 2 9 5 4 6 3 3 7 3 3 5 6 6 3 3 5 6 5 6 4 2 7 5 4 5 3 5 4 1 6 5 2 3 3 5 3 3 6 3 7 4 8 8
3-6-18count 4.0 7.0 5.0 3.0 5.0 5.0 2.0 2.0 4.0 5.0 2.0 5.0 7.0 7.0 5.0 5.0 5.0 2.0 1.0 3.0 1.0 4.0 5.0 3.0 3.0 4.0 2.0 6.0 6.0 3.0 4.0 4.0 3.0 6.0 5.0 3.0 4.0 3.0 3.0 3.0 2.0 5.0 3.0 4.0 3.0 3.0 5.0 4.0 4.0 6.0 4.0 5.0 4.0 3.0 5.0 3.0 3.0 2.0 7.0 5.0 4.0 6.0 3.0 3.0 5.0 3.0 3.0 4.0 5.0 5.0 3.0 3.0 5.0 6.0 4.0 5.0 4.0 2.0 7.0 5.0 4.0 3.0 3.0 5.0 4.0 1.0 6.0 5.0 2.0 2.0 3.0 4.0 3.0 3.0 6.0 3.0 6.0 4.0 4.0 6.0
3-6-18time/s 2.20 29.72 2.22 0.26 4.72 2.31 0.03 0.03 0.42 2.31 0.33 0.47 8.20 5.89 0.84 2.09 0.95 0.31 0.02 0.39 0.02 0.56 0.81 0.19 0.22 0.34 0.11 2.80 2.59 0.14 1.83 0.38 0.38 21.11 0.77 0.34 0.27 0.70 0.31 0.16 0.05 1.14 0.11 1.31 0.48 0.11 2.45 0.38 2.13 3.22 0.83 1.99 0.50 0.13 1.56 0.16 0.48 0.09 30.17 0.73 0.42 1.56 0.23 0.56 4.25 0.09 0.25 0.78 1.28 1.95 0.11 0.25 0.89 1.33 0.78 0.83 0.74 0.08 8.42 1.00 0.22 0.76 0.14 0.84 0.59 0.02 2.00 0.69 0.02 0.25 0.25 0.66 0.39 0.09 6.28 0.16 8.44 0.49 1.91 5.25
4-3-12lowerBound 2 5 4 2 5 3 3 3 3 4 4 3 3 5 4 2 3 3 3 4 3 2 3 4 1 3 4 3 3 4 5 4 2 4 4 2 3 4 3 2 3 3 4 4 3 1 3 4 3 3 4 4 3 2 4 3 2 4 4 2 2 3 3 3 3 4 4 4 4 1 4 4 3 4 2 2 3 2 3 3 3 2 3 3 3 3 3 2 4 2 4 3 3 3 5 3 4 5 4 3
4-3-12upperBound 4 8 5 2 8 3 4 3 4 9 5 5 5 9 5 3 4 3 7 6 5 4 4 7 2 5 5 4 7 6 7 10 5 9 15 5 7 6 4 4 4 6 6 9 4 3 3 6 4 5 6 6 4 5 6 7 4 4 9 3 5 12 4 6 5 5 5 6 7 3 8 9 6 6 3 6 5 4 4 6 5 4 4 5 5 4 4 3 7 3 8 6 6 4 8 5 6 6 6 4
4-3-12count 4.0 8.0 5.0 2.0 7.0 3.0 4.0 3.0 4.0 8.0 5.0 5.0 3.999999999999999 9.0 5.0 3.0 4.0 3.0 6.0 6.0 5.0 4.0 4.0 7.0 2.0 5.0 5.0 4.0 6.0 6.0 7.0 5.0 5.0 8.0 6.0 5.0 7.0 6.0 4.0 4.0 4.0 6.0 6.0 8.0 4.0 3.0 3.0 5.0 4.0 4.0 5.0 6.0 4.0 3.0 6.0 6.0 4.0 4.0 7.0 3.0 5.0 8.0 4.0 5.0 4.0 5.0 5.0 6.0 7.0 3.0 8.0 7.000000000000013 6.0 6.0 3.0 3.0 5.0 4.0 4.0 6.0 5.0 4.0 4.0 4.0 5.0 4.0 4.0 3.0 7.0 3.0 6.0 6.0 5.0 4.0 8.0 5.0 5.999999999999986 6.0 6.0 4.0
4-3-12time/s 0.27 2.67 0.30 0.06 7.33 0.11 0.13 0.16 0.25 40.02 0.42 0.31 0.33 6.77 0.33 0.20 0.27 0.11 2.16 0.86 0.39 0.30 0.14 2.55 0.13 0.38 0.28 0.13 3.78 0.69 1.55 3.53 0.45 5.73 15.45 1.28 0.94 0.33 0.13 0.27 0.22 1.17 0.66 7.67 0.17 0.11 0.09 0.45 0.30 0.69 0.74 0.59 0.17 0.20 0.73 3.70 0.27 0.23 6.70 0.20 0.28 18.41 0.23 1.06 0.88 0.17 0.23 0.97 1.83 0.17 4.03 6.11 0.58 0.58 0.16 0.42 0.42 0.19 0.28 1.69 0.44 0.36 0.20 0.53 0.64 0.30 0.25 0.03 1.91 0.14 2.33 0.75 1.42 0.14 3.47 0.42 0.64 0.41 0.36 0.22
4-4-16lowerBound 6 5 5 5 3 4 5 4 3 4 7 6 7 5 2 4 1 4 4 5 5 2 4 4 6 5 4 2 6 7 3 2 3 5 6 3 3 3 4 4 3 3 5 3 5 3 6 6 8 6 4 4 4 3 3 4 5 7 5 5 4 6 4 4 4 6 6 3 4 4 4 5 3 6 4 3 4 5 3 6 5 5 3 4 4 7 4 3 6 5 5 3 5 2 5 6 5 4 5 5
4-4-16upperBound 12 12 10 6 4 6 7 7 3 5 8 8 8 8 2 8 7 7 5 17 10 2 6 7 11 7 7 3 9 10 4 4 8 11 8 3 4 7 4 9 6 5 7 4 7 6 7 8 9 12 5 5 5 9 6 6 6 9 7 6 6 9 5 6 10 6 8 9 7 10 8 7 6 11 4 5 6 6 8 10 8 5 3 8 6 12 5 6 7 9 6 5 7 10 8 8 11 5 13 9
4-4-16count 9.0 6.0 7.0 5.0 4.0 5.0 5.0 7.0 3.0 5.0 8.0 8.0 8.0 7.0 2.0 7.0 5.0 6.0 5.0 7.0 6.0 2.0 5.0 7.0 8.0 6.0 5.999999999999997 3.0 7.0 8.0 4.0 4.0 5.0 8.0 7.0 3.0 4.0 6.0 4.0 6.0 4.0 5.0 6.0 4.0 6.0 5.0 6.0 6.0 8.0 10.0 5.0 5.0 5.0 7.0 5.0 6.0 5.0 8.0 6.0 5.0 5.0 8.0 4.0 5.0 7.0 6.0 6.0 6.0 5.0 7.0 6.0 5.0 6.0 8.0 4.0 5.0 6.0 6.0 5.0 7.0 7.0 5.0 3.0 6.0 6.0 9.0 5.0 5.0 6.0 7.0 6.0 5.0 6.0 6.0 8.0 6.0 6.0 5.0 8.0 7.0
4-4-16time/s 161.22 45.25 29.86 5.91 0.59 2.97 1.11 8.94 0.11 0.61 20.84 24.03 6.38 11.13 0.24 19.02 10.01 4.70 0.89 206.83 16.50 0.31 1.61 11.20 121.09 6.23 4.36 0.69 11.56 51.05 0.78 0.84 5.27 52.59 27.19 0.53 0.39 11.50 0.48 18.13 1.16 0.75 3.98 0.50 5.05 3.14 2.49 14.64 17.47 403.70 0.67 0.91 1.49 24.92 2.17 1.66 1.27 20.61 3.24 2.81 2.66 10.39 1.53 1.81 31.14 2.45 14.00 16.67 2.78 45.30 9.16 2.20 2.94 47.19 0.73 1.50 2.77 3.88 5.44 32.30 11.56 1.22 0.58 14.50 1.88 121.26 1.45 2.34 6.17 29.56 3.00 1.78 4.88 41.05 25.09 4.06 10.77 0.47 91.56 20.45
4-5-20lowerBound 7 7 8 5 7 6 7 7 5 6 5 6 5 2 6 5 5 3 4 7 5 3 6 5 4 6 4 6 5 6 7 7 5 7 4 6 7 8 8 7 7 3 5 7 1 4 4 7 6 2 5 7 7 6 5 5 5 7 5 4 6 3 5 6 7 6 6 4 5 4 5 7 6 5 7 6 7 3 7 6 6 6 4 4 8 8 5 9 7 7 6 5 7 6 4 7 4 4 6 5
4-5-20upperBound 9 10 14 9 12 10 15 12 6 12 10 15 8 4 17 15 6 4 5 13 10 6 13 8 4 8 15 9 7 8 10 11 15 17 7 14 10 11 12 10 12 7 12 10 3 8 12 17 21 2 10 13 12 17 8 15 13 19 11 8 7 10 12 6 10 9 9 10 8 15 8 7 10 8 15 6 23 8 8 10 10 11 5 15 19 13 10 14 13 24 11 11 9 9 5 9 7 11 6 17
4-5-20count 7.0 8.0 10.0 7.0 9.0 9.0 10.0 8.0 6.0 8.0 7.0 7.0 6.0 3.0 9.0 8.0 6.0 4.0 5.0 8.0 7.0 4.0 8.0 6.0 4.0 7.0 5.0 7.0 5.0 8.0 7.0 8.0 7.999999999999999 8.0 6.0 8.0 8.0 8.0 9.0 8.0 9.0 5.0 8.0 8.0 2.0 5.0 6.0 9.0 9.0 2.0 8.0 8.0 9.0 8.0 5.0 9.0 7.0 11.0 6.0 5.0 7.0 5.0 7.0 6.0 7.0 7.0 8.0 5.0 6.0 8.0 7.0 7.0 8.0 6.0 8.0 6.0 9.0 6.0 7.0 8.0 7.0 7.0 5.0 6.0 10.0 9.0 6.0 10.0 9.0 10.0 8.0 7.0 7.0 7.0 5.0 7.0 6.0 7.0 6.0 7.0
4-5-20time/s 11.77 56.27 2813.13 48.48 619.77 172.75 1979.53 464.11 8.53 477.25 84.22 787.47 64.27 0.80 4461.20 876.95 7.78 1.41 2.53 466.89 93.30 8.95 423.00 24.03 1.06 57.77 126.89 78.47 16.77 51.94 130.59 154.34 505.31 1451.75 11.61 564.89 343.41 462.75 768.42 205.00 503.14 12.83 234.16 140.86 1.38 4.64 554.97 1362.41 2953.89 0.33 280.31 413.76 411.03 589.25 69.09 1467.31 144.83 10712.53 190.36 12.44 21.58 125.88 703.23 6.56 119.31 101.34 101.67 21.11 41.33 1245.23 50.97 5.34 72.34 21.91 997.91 6.19 12862.95 37.25 23.70 465.06 116.66 111.59 3.31 239.50 8899.88 895.38 109.16 1296.42 419.61 40694.28 320.02 146.34 48.59 56.38 3.88 70.01 14.78 143.20 4.16 842.02
4-6-24lowerBound 10 7 6 6 4 3 8 5 4 7 6 5 5 5 6 8 5 5 5 5 3 8 6 6 8 9 10 4 4 4 5 4 8 6 7 8 5 10 6 7 4 6 6 7 5 7 6 6 7 8 6 9 9 5 6 6 8 7 8 7 5 6 4 4 7 7 5 6 6 5 8 8 6 6 7 4 3 4 7 10 6 10 7 4 6 5 9 7 7 6 3 3 6 7 6 8 5 9 3 7
4-6-24upperBound 14 17 9 17 14 3 12 16 16 9 10 7 10 18 16 12 10 14 9 8 13 14 8 15 14 15 13 5 8 6 11 6 13 9 16 13 11 18 15 16 7 14 11 11 9 13 15 16 10 15 17 18 12 9 10 8 20 14 17 12 9 8 8 10 14 9 7 8 13 17 17 12 13 9 9 9 4 9 15 16 10 13 8 7 8 8 13 13 10 15 5 11 10 14 10 16 5 13 5 8
4-6-24count 10.0 9.0 6.0 9.0 7.0 3.0 8.0 8.0 7.0 8.0 7.0 5.0 7.0 7.0 7.0 9.0 5.0 6.0 6.0 6.0 6.0 9.0 7.0 7.0 8.0 9.0 10.0 5.0 4.0 4.0 6.0 4.0 8.0 6.0 10.0 9.0 5.0 10.0 7.0 10.0 5.0 8.0 8.0 7.0 7.0 9.0 7.0 8.0 7.0 8.0 8.0 9.0 9.0 6.0 6.0 6.0 10.0 8.0 9.0 7.0 5.0 7.0 5.0 7.0 8.0 7.0 5.0 6.0 7.0 6.0 11.0 8.0 7.0 7.0 7.0 6.0 4.0 5.0 9.0 10.0 7.0 10.0 7.0 4.0 6.0 6.0 10.0 9.0 8.0 6.0 3.0 4.0 6.0 7.0 7.0 9.0 5.0 9.0 4.0 7.0
4-6-24time/s 2840.47 2467.09 206.64 14133.44 12036.83 9.02 720.33 1198.41 1144.86 352.06 209.00 5.36 143.13 3702.22 3839.19 1661.34 579.34 1619.28 82.03 77.30 2446.42 1642.81 529.08 2350.23 3432.83 2379.22 1746.61 7.36 29.28 5.31 292.41 6.81 2003.13 259.98 34888.64 1021.14 67.11 7561.89 2582.53 27485.20 82.53 4267.27 1788.45 557.64 361.41 512.44 1393.84 1902.53 383.80 5444.03 3301.97 11463.58 1508.39 248.94 55.44 393.42 68140.97 1768.61 3769.30 683.66 318.28 114.73 140.11 171.59 2373.06 730.64 62.05 31.13 2057.83 932.67 48838.73 1460.69 1645.86 419.88 22.92 65.78 4.36 645.16 6034.80 9583.48 577.06 1779.69 297.91 8.36 44.77 65.80 2442.00 1421.17 434.84 1110.39 4.88 49.23 111.63 1694.70 309.02 35170.95 5.97 3966.39 9.69 165.56
5-3-15lowerBound 4 6 4 5 7 6 5 4 6 2 3 5 5 5 6 4 5 5 3 7 6 4 7 5 7 3 4 6 6 5 5 7 3 6 5 4 4 5 5 4 6 4 5 3 6 4 6 4 5 4 5 6 5 5 2 4 4 3 5 4 4 4 6 4 4 4 5 6 6 4 4 3 5 5 5 3 3 4 5 4 3 4 5 4 5 4 4 3 5 4 6 6 4 5 5 6 5 6 5 3
5-3-15upperBound 7 13 7 11 10 10 18 10 15 6 9 10 20 14 11 8 7 11 16 11 13 16 13 11 15 13 6 9 10 7 14 14 11 9 15 7 16 6 15 8 6 6 15 9 11 11 10 7 9 12 14 12 7 14 4 5 14 6 20 6 13 16 12 8 8 17 12 11 10 9 6 5 11 11 14 4 7 10 11 10 15 13 12 18 8 8 11 13 7 5 21 13 16 12 13 10 17 12 17 5
5-3-15count 6.0 10.0 6.0 10.0 10.0 8.0 8.0 6.0 11.0 5.0 6.0 8.0 10.0 10.0 9.0 6.0 7.0 10.0 8.0 11.0 10.0 7.0 11.0 10.0 12.0 8.0 6.0 9.0 10.0 7.0 11.0 9.0 8.0 9.0 9.0 5.0 7.0 6.0 10.0 7.0 6.0 5.0 10.0 8.0 10.0 9.0 8.0 7.0 7.0 9.0 10.0 10.0 7.0 9.0 4.0 5.0 9.0 5.0 11.0 5.0 7.0 8.0 9.0 7.0 8.0 7.0 8.000000000000007 10.0 9.0 7.0 6.0 5.0 11.0 9.0 10.0 4.0 6.0 8.0 8.0 6.0 9.0 9.0 8.0 10.0 8.0 8.0 8.0 10.0 7.0 5.0 8.0 9.0 8.0 10.0 10.0 9.0 9.0 9.0 9.0 5.0
5-3-15time/s 9.39 320.48 3.20 1048.27 40.80 31.94 483.50 12.09 912.08 4.56 52.03 46.30 12358.13 889.86 83.66 23.52 5.45 130.41 1207.97 140.72 1054.94 142.88 1250.89 422.67 2768.89 191.19 1.80 33.59 39.50 4.86 2425.45 134.81 114.06 27.59 111.34 4.86 39.19 2.98 1343.67 13.70 4.05 3.75 427.41 107.94 279.25 134.63 72.75 4.06 27.81 720.16 1553.39 483.92 4.11 246.86 4.09 0.98 505.48 3.81 5690.20 6.22 53.31 116.69 91.05 12.16 18.95 137.20 331.14 203.63 36.58 82.17 4.67 4.94 755.44 153.13 1304.77 2.64 8.31 88.20 151.55 28.73 753.28 166.73 106.73 7646.41 12.33 16.39 83.28 1254.09 2.17 1.80 613.03 318.61 181.33 1944.86 489.58 38.52 136.27 478.16 4233.03 4.38
