3-3-9lowerBound 2 2 1 1 2 1 2 1 2 1 2 1 1 3 2 2 2 0 0 3 2 2 2 1 2 2 2 2 3 1 2 2 2 2 3 2 0 1 2 2 2 2 2 2 2 3 3 2 1 1 1 2 3 3 2 3 1 2 1 1 0 2 2 2 2 1 1 2 2 2 2 2 2 1 0 2 1 2 3 2 1 3 1 2 3 3 1 1 2 3 0 1 1 0 1 2 2 0 3 1
3-3-9upperBound 2 3 2 2 3 2 2 2 2 2 3 3 1 3 3 2 3 0 0 4 2 2 3 3 2 2 3 2 4 3 3 3 2 3 3 3 1 1 3 2 2 2 3 2 2 4 4 2 2 2 2 2 4 3 2 4 2 3 1 3 0 2 2 2 5 2 1 3 2 2 4 2 2 2 0 2 2 3 3 2 1 3 2 2 4 3 2 1 2 3 0 3 2 1 2 3 2 0 3 1
3-3-9time/s 0.055 0.019 0.011 0.004 0.034 0.004 0.003 0.004 0.003 0.003 0.005 0.007 0.004 0.003 0.005 0.002 0.004 0.002 0.003 0.004 0.003 0.003 0.005 0.004 0.004 0.003 0.004 0.004 0.004 0.005 0.004 0.008 0.003 0.003 0.002 0.005 0.003 0.003 0.004 0.002 0.002 0.003 0.004 0.004 0.004 0.004 0.004 0.002 0.003 0.003 0.002 0.003 0.003 0.002 0.002 0.003 0.004 0.003 0.003 0.004 0.003 0.002 0.004 0.002 0.006 0.004 0.002 0.004 0.004 0.003 0.007 0.002 0.003 0.004 0.002 0.002 0.003 0.004 0.002 0.002 0.001 0.003 0.003 0.002 0.002 0.003 0.003 0.002 0.002 0.002 0.002 0.005 0.003 0.003 0.006 0.006 0.003 0.004 0.002 0.003
3-4-12lowerBound 3 2 4 2 4 2 5 5 1 3 4 3 3 3 3 5 1 2 3 4 2 3 1 2 2 3 2 3 5 2 3 3 5 2 3 1 3 2 2 3 1 3 2 2 3 1 2 2 2 1 2 2 3 1 5 0 2 3 4 2 2 3 2 1 1 3 3 0 1 2 3 2 2 3 3 1 2 4 3 2 3 0 0 2 2 2 3 4 2 3 2 2 3 3 2 4 2 5 2 3
3-4-12upperBound 3 2 5 3 4 4 5 5 1 5 4 5 3 3 3 6 2 2 3 4 2 5 1 2 3 3 3 3 5 2 3 3 5 3 3 1 6 4 2 4 1 5 3 2 3 1 2 2 2 1 2 2 3 1 5 2 3 5 4 2 2 4 3 2 1 3 4 1 1 2 4 2 3 3 4 3 2 6 3 2 3 0 2 2 4 2 3 4 3 3 2 2 3 3 2 5 3 5 3 4
3-4-12time/s 0.004 0.003 0.01 0.009 0.006 0.005 0.009 0.003 0.003 0.013 0.005 0.007 0.006 0.003 0.004 0.005 0.029 0.004 0.003 0.005 0.005 0.008 0.004 0.004 0.004 0.003 0.004 0.006 0.004 0.005 0.005 0.022 0.003 0.026 0.009 0.016 0.034 0.022 0.006 0.01 0.011 0.01 0.005 0.012 0.01 0.004 0.006 0.004 0.004 0.005 0.003 0.004 0.004 0.009 0.003 0.014 0.007 0.023 0.004 0.005 0.004 0.004 0.008 0.007 0.005 0.009 0.004 0.006 0.003 0.003 0.008 0.002 0.006 0.003 0.003 0.007 0.003 0.004 0.004 0.003 0.003 0.005 0.007 0.005 0.004 0.003 0.003 0.006 0.004 0.006 0.003 0.004 0.004 0.005 0.003 0.004 0.006 0.003 0.005 0.004
3-5-15lowerBound 3 2 3 4 0 3 5 3 2 5 3 5 3 3 3 4 2 2 3 4 4 1 5 4 2 0 1 4 3 5 4 3 3 1 4 3 2 3 5 3 4 4 2 3 3 3 4 3 4 2 4 2 3 4 3 4 3 3 3 2 2 5 3 3 2 2 2 4 2 2 3 4 3 1 3 3 4 5 2 3 3 3 5 4 4 3 3 3 4 2 2 3 2 5 4 2 2 1 2 4
3-5-15upperBound 3 2 3 4 1 4 5 5 2 6 3 5 3 4 3 4 2 3 3 5 6 2 5 5 2 1 1 6 3 6 4 3 4 1 4 3 2 3 5 3 6 5 2 4 3 3 4 3 5 2 5 3 4 5 4 5 3 3 4 3 2 6 3 6 2 3 2 5 2 3 4 4 4 2 3 3 4 5 2 4 4 4 6 4 6 3 3 3 6 2 2 5 3 6 7 2 2 1 4 5
3-5-15time/s 0.006 0.008 0.004 0.006 0.013 0.011 0.006 0.013 0.008 0.009 0.008 0.007 0.006 0.008 0.004 0.006 0.005 0.014 0.004 0.013 0.012 0.011 0.006 0.012 0.007 0.004 0.003 0.005 0.003 0.005 0.003 0.004 0.004 0.003 0.002 0.003 0.007 0.002 0.005 0.005 0.012 0.009 0.003 0.007 0.008 0.004 0.006 0.004 0.01 0.004 0.011 0.012 0.01 0.009 0.008 0.004 0.003 0.004 0.004 0.01 0.003 0.01 0.005 0.039 0.007 0.011 0.009 0.007 0.004 0.024 0.009 0.003 0.032 0.01 0.007 0.003 0.01 0.01 0.007 0.014 0.011 0.009 0.008 0.003 0.037 0.008 0.002 0.004 0.007 0.002 0.005 0.008 0.003 0.006 0.015 0.002 0.004 0.004 0.012 0.007
3-6-18lowerBound 4 5 5 3 5 4 2 2 4 4 2 5 6 7 4 5 5 2 0 3 0 4 4 3 3 4 2 5 5 3 3 4 2 5 5 3 4 2 2 3 2 5 3 4 3 3 5 4 4 6 4 4 4 3 5 3 2 2 6 5 4 5 2 2 5 3 3 4 5 5 3 3 5 5 4 5 4 2 6 4 4 3 3 5 4 1 6 5 2 2 3 4 2 3 5 3 5 4 4 6
3-6-18upperBound 7 10 7 3 8 6 2 2 5 6 3 5 9 8 5 6 5 3 1 3 0 7 5 3 3 4 2 7 6 4 6 5 3 8 5 3 5 4 4 3 2 5 3 4 3 3 6 4 6 9 5 6 4 3 6 4 4 2 8 5 5 6 4 3 6 3 3 7 5 5 3 3 5 6 5 5 4 2 7 5 5 4 3 5 4 1 6 5 2 2 3 4 4 3 9 3 6 4 6 8
3-6-18time/s 0.029 0.029 0.024 0.005 0.03 0.012 0.006 0.013 0.009 0.019 0.009 0.006 0.025 0.011 0.006 0.017 0.004 0.009 0.01 0.006 0.012 0.017 0.005 0.005 0.006 0.006 0.003 0.023 0.022 0.009 0.022 0.015 0.017 0.024 0.003 0.008 0.02 0.017 0.025 0.003 0.005 0.009 0.005 0.014 0.006 0.003 0.009 0.006 0.019 0.026 0.025 0.027 0.012 0.01 0.008 0.013 0.009 0.004 0.012 0.006 0.013 0.018 0.016 0.007 0.027 0.006 0.006 0.03 0.006 0.013 0.004 0.011 0.006 0.007 0.012 0.005 0.029 0.004 0.009 0.009 0.014 0.018 0.005 0.009 0.017 0.003 0.009 0.006 0.007 0.01 0.005 0.005 0.019 0.009 0.022 0.005 0.025 0.009 0.034 0.018
4-3-12lowerBound 2 5 4 2 5 3 3 3 3 4 4 3 3 5 4 2 3 3 3 4 3 2 3 4 1 3 4 3 3 4 5 4 2 4 4 2 3 4 3 2 3 3 4 4 3 1 3 4 3 3 4 4 3 2 4 3 2 4 4 2 2 3 3 3 3 4 4 4 4 1 4 4 3 4 2 2 3 2 3 3 3 2 3 3 3 3 3 2 4 2 4 3 3 3 5 3 4 5 4 3
4-3-12upperBound 4 8 5 2 8 3 4 3 4 11 5 6 5 10 5 3 4 3 6 6 5 4 4 7 2 6 5 5 7 6 8 10 5 8 8 6 7 6 4 4 5 6 6 8 4 3 3 6 4 4 6 6 6 5 6 6 4 4 12 3 5 9 4 5 5 5 5 7 7 4 8 8 8 6 3 3 5 4 4 6 5 4 4 4 5 4 4 3 7 3 9 6 5 4 8 5 6 6 6 6
4-3-12time/s 0.003 0.004 0.002 0.001 0.005 0.001 0.002 0.002 0.002 0.009 0.003 0.004 0.007 0.014 0.001 0.002 0.003 0.002 0.005 0.005 0.008 0.003 0.002 0.004 0.002 0.005 0.003 0.004 0.008 0.003 0.004 0.009 0.004 0.012 0.007 0.009 0.014 0.005 0.003 0.004 0.004 0.004 0.004 0.017 0.004 0.003 0.001 0.002 0.002 0.003 0.004 0.002 0.006 0.006 0.004 0.006 0.003 0.003 0.012 0.003 0.004 0.01 0.002 0.007 0.009 0.003 0.004 0.005 0.003 0.01 0.004 0.008 0.022 0.008 0.006 0.003 0.003 0.007 0.003 0.004 0.004 0.006 0.001 0.006 0.004 0.003 0.003 0.006 0.004 0.006 0.008 0.004 0.003 0.001 0.008 0.003 0.004 0.008 0.002 0.015
4-4-16lowerBound 6 5 5 5 3 4 5 4 3 4 7 6 7 5 2 4 1 4 4 5 5 2 4 4 6 5 4 2 6 7 3 2 3 5 6 3 3 3 4 4 3 3 5 3 5 3 6 6 8 6 4 4 4 3 3 4 5 7 5 5 4 6 4 4 4 6 6 3 4 4 4 5 3 6 4 3 4 5 3 6 5 5 3 4 4 7 4 3 6 5 5 3 5 2 5 6 5 4 5 5
4-4-16upperBound 9 12 8 6 5 6 7 8 3 8 8 8 8 8 2 8 6 8 6 10 8 3 5 13 13 9 6 3 9 9 4 4 5 9 9 3 4 11 4 7 5 6 7 4 7 5 8 8 9 11 5 5 5 10 6 6 6 11 7 5 5 10 5 5 10 6 8 15 6 12 9 8 6 11 4 8 6 6 7 8 8 5 3 8 6 10 5 7 6 10 6 5 8 8 9 7 10 5 13 9
4-4-16time/s 0.015 0.03 0.018 0.01 0.015 0.008 0.011 0.011 0.002 0.019 0.003 0.008 0.003 0.013 0.002 0.008 0.03 0.009 0.006 0.155 0.005 0.004 0.003 0.017 0.025 0.011 0.006 0.005 0.022 0.018 0.004 0.004 0.021 0.029 0.016 0.005 0.004 0.012 0.003 0.018 0.024 0.01 0.005 0.007 0.016 0.008 0.008 0.006 0.006 0.017 0.006 0.008 0.005 0.021 0.018 0.009 0.005 0.011 0.005 0.006 0.008 0.028 0.015 0.011 0.015 0.008 0.02 0.018 0.015 0.014 0.012 0.013 0.009 0.018 0.004 0.013 0.027 0.009 0.02 0.004 0.015 0.002 0.002 0.014 0.005 0.021 0.007 0.023 0.007 0.05 0.004 0.009 0.012 0.012 0.011 0.005 0.026 0.005 0.037 0.017
4-5-20lowerBound 7 7 8 5 7 6 7 7 5 6 5 6 5 2 6 5 5 3 4 7 5 3 6 5 4 6 4 6 5 6 7 7 5 7 4 6 7 8 8 7 7 3 5 7 1 4 4 7 6 2 5 7 7 6 5 5 5 7 5 4 6 3 5 6 7 6 6 4 5 4 5 7 6 5 7 6 7 3 7 6 6 6 4 4 8 8 5 9 7 7 6 5 7 6 4 7 4 4 6 5
4-5-20upperBound 9 11 13 9 10 14 15 12 8 10 12 17 8 3 16 11 6 4 7 10 10 5 11 10 5 9 18 8 13 8 8 11 14 11 8 12 10 12 12 9 13 6 19 10 3 7 11 14 14 2 10 12 14 12 10 14 8 20 13 7 8 10 8 6 11 8 9 12 9 16 12 7 15 8 13 7 18 10 9 11 11 11 5 12 21 17 7 13 12 20 10 13 12 9 6 10 6 9 8 15
4-5-20time/s 0.014 0.038 0.023 0.037 0.052 0.036 0.023 0.022 0.018 0.021 0.034 0.096 0.044 0.056 0.08 0.122 0.008 0.006 0.017 0.012 0.019 0.019 0.015 0.027 0.005 0.039 0.071 0.015 0.046 0.022 0.009 0.032 0.06 0.031 0.019 0.05 0.037 0.027 0.028 0.023 0.092 0.016 0.041 0.026 0.01 0.013 0.027 0.043 0.04 0.005 0.038 0.054 0.06 0.031 0.019 0.074 0.011 0.075 0.087 0.024 0.015 0.038 0.032 0.005 0.037 0.011 0.017 0.052 0.019 0.031 0.037 0.003 0.036 0.016 0.057 0.008 0.091 0.031 0.013 0.037 0.025 0.037 0.012 0.072 0.051 0.102 0.012 0.028 0.022 0.048 0.025 0.028 0.03 0.026 0.014 0.021 0.01 0.036 0.02 0.053
4-6-24lowerBound 10 7 6 6 4 3 8 5 4 7 6 5 5 5 6 8 5 5 5 5 3 8 6 6 8 9 10 4 4 4 5 4 8 6 7 8 5 10 6 7 4 6 6 7 5 7 6 6 7 8 6 9 9 5 6 6 8 7 8 7 5 6 4 4 7 7 5 6 6 5 8 8 6 6 7 4 3 4 7 10 6 10 7 4 6 5 9 7 7 6 3 3 6 7 6 8 5 9 3 7
4-6-24upperBound 13 15 8 12 15 3 12 20 14 10 9 8 12 15 14 13 9 12 7 10 15 15 12 13 14 15 14 6 6 6 11 6 17 9 17 17 11 15 12 15 8 19 13 10 9 17 17 14 14 15 17 15 12 11 12 10 17 13 13 12 9 11 10 11 16 11 7 9 15 16 16 14 15 9 8 11 4 9 17 15 10 13 9 6 11 7 17 14 12 13 7 8 9 18 9 19 5 14 5 10
4-6-24time/s 0.027 0.098 0.014 0.071 0.1 0.003 0.048 0.067 0.086 0.028 0.026 0.058 0.03 0.106 0.101 0.035 0.026 0.095 0.031 0.028 0.054 0.063 0.037 0.041 0.07 0.095 0.022 0.024 0.018 0.023 0.058 0.02 0.085 0.031 0.052 0.066 0.067 0.081 0.045 0.038 0.046 0.115 0.037 0.027 0.094 0.078 0.058 0.074 0.048 0.054 0.28 0.052 0.021 0.07 0.063 0.031 0.109 0.06 0.021 0.033 0.037 0.038 0.028 0.108 0.064 0.027 0.023 0.024 0.059 0.066 0.053 0.042 0.093 0.056 0.02 0.044 0.019 0.047 0.111 0.046 0.022 0.017 0.063 0.025 0.029 0.014 0.047 0.074 0.041 0.037 0.031 0.053 0.023 0.051 0.044 0.069 0.012 0.076 0.018 0.033
