3-3-9lowerBound 2 2 1 1 2 1 2 1 2 1 2 1 1 3 2 2 2 0 0 3 2 2 2 1 2 2 2 2 3 1 2 2 2 2 3 2 0 1 2 2 2 2 2 2 2 3 3 2 1 1 1 2 3 3 2 3 1 2 1 1 0 2 2 2 2 1 1 2 2 2 2 2 2 1 0 2 1 2 3 2 1 3 1 2 3 3 1 1 2 3 0 1 1 0 1 2 2 0 3 1
3-3-9upperBound 2 3 2 2 3 2 2 2 2 2 3 3 1 3 3 2 3 0 0 4 2 2 3 3 2 2 3 2 4 3 3 3 2 3 3 3 1 1 3 2 2 2 3 2 2 4 4 2 2 2 2 2 4 3 2 4 2 3 1 3 0 2 2 2 5 2 1 3 2 2 4 2 2 2 0 2 2 3 3 2 1 3 2 2 4 3 2 1 2 3 0 3 2 1 2 3 2 0 3 1
3-3-9time/s 0.071 0.086 0.044 0.03 0.039 0.044 0.03 0.05 0.027 0.04 0.036 0.056 0.036 0.051 0.021 0.011 0.035 0.014 0.013 0.009 0.031 0.024 0.03 0.019 0.023 0.018 0.015 0.017 0.02 0.023 0.018 0.018 0.015 0.014 0.007 0.021 0.015 0.013 0.018 0.007 0.012 0.017 0.021 0.019 0.016 0.021 0.015 0.012 0.013 0.015 0.013 0.011 0.019 0.012 0.014 0.012 0.022 0.016 0.016 0.018 0.012 0.013 0.02 0.011 0.033 0.02 0.011 0.017 0.012 0.016 0.026 0.01 0.018 0.024 0.009 0.017 0.016 0.02 0.011 0.014 0.009 0.019 0.019 0.011 0.015 0.019 0.018 0.011 0.013 0.011 0.014 0.02 0.023 0.015 0.019 0.017 0.018 0.012 0.014 0.014
3-4-12lowerBound 3 2 4 2 4 2 5 5 1 3 4 3 3 3 3 5 1 2 3 4 2 3 1 2 2 3 2 3 5 2 3 3 5 2 3 1 3 2 2 3 1 3 2 2 3 1 2 2 2 1 2 2 3 1 5 0 2 3 4 2 2 3 2 1 1 3 3 0 1 2 3 2 2 3 3 1 2 4 3 2 3 0 0 2 2 2 3 4 2 3 2 2 3 3 2 4 2 5 2 3
3-4-12upperBound 3 2 5 3 4 4 5 5 1 4 4 5 3 3 3 6 2 2 3 4 2 4 1 2 3 3 3 3 5 2 3 3 5 3 3 1 6 3 2 4 1 4 3 2 3 1 2 2 2 1 2 2 3 1 5 2 3 4 4 2 2 4 3 2 1 3 4 1 1 2 4 2 3 3 4 3 2 6 3 2 3 0 2 2 3 2 3 4 3 3 2 2 3 3 2 5 3 5 3 4
3-4-12time/s 0.023 0.02 0.035 0.039 0.017 0.029 0.021 0.015 0.021 0.042 0.023 0.029 0.027 0.016 0.018 0.026 0.039 0.018 0.017 0.02 0.015 0.033 0.025 0.02 0.022 0.016 0.032 0.03 0.026 0.034 0.028 0.038 0.023 0.047 0.024 0.019 0.064 0.066 0.019 0.048 0.017 0.066 0.031 0.018 0.02 0.021 0.024 0.018 0.026 0.028 0.022 0.023 0.025 0.025 0.014 0.046 0.029 0.025 0.015 0.027 0.023 0.022 0.042 0.034 0.027 0.028 0.022 0.031 0.02 0.026 0.044 0.015 0.035 0.02 0.023 0.051 0.019 0.026 0.021 0.02 0.02 0.025 0.044 0.02 0.011 0.015 0.016 0.038 0.024 0.044 0.02 0.027 0.023 0.026 0.022 0.025 0.039 0.013 0.025 0.03
3-5-15lowerBound 3 2 3 4 0 3 5 3 2 5 3 5 3 3 3 4 2 2 3 4 4 1 5 4 2 0 1 4 3 5 4 3 3 1 4 3 2 3 5 3 4 4 2 3 3 3 4 3 4 2 4 2 3 4 3 4 3 3 3 2 2 5 3 3 2 2 2 4 2 2 3 4 3 1 3 3 4 5 2 3 3 3 5 4 4 3 3 3 4 2 2 3 2 5 4 2 2 1 2 4
3-5-15upperBound 3 2 3 4 1 3 5 4 2 6 3 5 3 3 3 4 2 3 3 5 5 2 5 4 2 1 1 6 3 5 4 3 4 1 4 3 2 3 5 3 5 5 2 4 3 3 4 3 4 2 5 3 4 5 3 5 3 3 4 3 2 5 3 5 2 2 2 5 2 3 3 4 4 2 3 3 4 5 2 4 3 4 5 4 5 3 3 3 5 2 2 5 3 5 5 2 2 1 3 4
3-5-15time/s 0.042 0.041 0.031 0.026 0.073 0.024 0.039 0.054 0.05 0.053 0.04 0.049 0.03 0.015 0.024 0.038 0.033 0.064 0.029 0.072 0.049 0.072 0.035 0.021 0.041 0.042 0.034 0.052 0.023 0.023 0.032 0.041 0.033 0.017 0.021 0.025 0.056 0.022 0.04 0.032 0.043 0.061 0.02 0.068 0.042 0.04 0.042 0.035 0.048 0.038 0.068 0.056 0.08 0.068 0.026 0.042 0.029 0.043 0.046 0.079 0.023 0.047 0.034 0.098 0.04 0.028 0.02 0.029 0.026 0.082 0.019 0.025 0.079 0.05 0.023 0.022 0.024 0.047 0.028 0.06 0.056 0.061 0.025 0.021 0.126 0.035 0.017 0.03 0.068 0.013 0.023 0.06 0.028 0.025 0.141 0.024 0.039 0.043 0.054 0.026
3-6-18lowerBound 4 5 5 3 5 4 2 2 4 4 2 5 6 7 4 5 5 2 0 3 0 4 4 3 3 4 2 5 5 3 3 4 2 5 5 3 4 2 2 3 2 5 3 4 3 3 5 4 4 6 4 4 4 3 5 3 2 2 6 5 4 5 2 2 5 3 3 4 5 5 3 3 5 5 4 5 4 2 6 4 4 3 3 5 4 1 6 5 2 2 3 4 2 3 5 3 5 4 4 6
3-6-18upperBound 5 7 7 3 5 6 2 2 4 5 2 5 7 7 5 5 5 3 1 3 0 4 5 3 3 4 2 6 6 3 4 4 3 8 5 3 4 3 4 3 2 5 3 4 3 3 5 4 5 7 4 5 4 3 5 3 4 2 7 5 4 6 3 3 6 3 3 5 5 5 3 3 5 6 4 5 4 2 7 5 4 4 3 5 4 1 6 5 2 2 3 4 3 3 6 3 6 4 6 7
3-6-18time/s 0.256 0.154 0.16 0.031 0.103 0.076 0.047 0.1 0.035 0.144 0.041 0.038 0.198 0.06 0.058 0.13 0.033 0.074 0.078 0.035 0.054 0.074 0.053 0.057 0.026 0.035 0.026 0.115 0.121 0.045 0.188 0.076 0.106 0.144 0.033 0.086 0.102 0.103 0.123 0.032 0.034 0.047 0.04 0.046 0.049 0.033 0.059 0.031 0.11 0.094 0.141 0.057 0.07 0.034 0.025 0.042 0.064 0.026 0.077 0.042 0.043 0.064 0.071 0.06 0.128 0.068 0.051 0.208 0.059 0.028 0.024 0.056 0.054 0.053 0.051 0.05 0.164 0.035 0.069 0.06 0.048 0.099 0.026 0.039 0.088 0.025 0.044 0.041 0.062 0.036 0.035 0.045 0.104 0.061 0.076 0.043 0.061 0.051 0.098 0.08
4-3-12lowerBound 2 5 4 2 5 3 3 3 3 4 4 3 3 5 4 2 3 3 3 4 3 2 3 4 1 3 4 3 3 4 5 4 2 4 4 2 3 4 3 2 3 3 4 4 3 1 3 4 3 3 4 4 3 2 4 3 2 4 4 2 2 3 3 3 3 4 4 4 4 1 4 4 3 4 2 2 3 2 3 3 3 2 3 3 3 3 3 2 4 2 4 3 3 3 5 3 4 5 4 3
4-3-12upperBound 4 8 5 2 7 3 4 3 4 9 5 5 4 9 5 3 4 3 6 6 5 4 4 7 2 5 5 4 6 6 7 5 5 8 11 6 7 6 4 4 4 6 6 8 4 3 3 5 4 4 6 6 4 3 6 6 4 4 10 3 5 9 4 5 5 5 5 6 7 3 8 7 9 6 3 3 5 4 4 6 5 4 4 4 5 4 4 3 7 3 8 6 5 4 8 5 6 6 6 4
4-3-12time/s 0.032 0.036 0.02 0.012 0.017 0.012 0.018 0.02 0.02 0.062 0.022 0.034 0.023 0.069 0.021 0.03 0.046 0.02 0.071 0.049 0.076 0.037 0.026 0.035 0.042 0.038 0.032 0.034 0.076 0.05 0.053 0.081 0.048 0.07 0.139 0.134 0.075 0.059 0.038 0.049 0.033 0.041 0.049 0.059 0.018 0.033 0.01 0.012 0.023 0.025 0.045 0.023 0.028 0.037 0.028 0.039 0.023 0.016 0.061 0.03 0.024 0.077 0.01 0.055 0.052 0.021 0.03 0.046 0.034 0.053 0.033 0.057 0.09 0.042 0.025 0.037 0.029 0.033 0.027 0.035 0.034 0.028 0.017 0.031 0.032 0.023 0.03 0.027 0.044 0.03 0.04 0.024 0.02 0.012 0.053 0.032 0.034 0.019 0.022 0.035
4-4-16lowerBound 6 5 5 5 3 4 5 4 3 4 7 6 7 5 2 4 1 4 4 5 5 2 4 4 6 5 4 2 6 7 3 2 3 5 6 3 3 3 4 4 3 3 5 3 5 3 6 6 8 6 4 4 4 3 3 4 5 7 5 5 4 6 4 4 4 6 6 3 4 4 4 5 3 6 4 3 4 5 3 6 5 5 3 4 4 7 4 3 6 5 5 3 5 2 5 6 5 4 5 5
4-4-16upperBound 9 7 7 5 4 5 5 7 3 5 8 8 8 7 2 7 5 6 5 11 7 2 5 8 10 8 6 3 8 10 4 4 7 9 7 3 4 7 4 6 5 5 7 4 6 5 6 8 8 11 5 5 5 8 5 6 5 8 6 5 5 9 5 5 8 6 7 10 5 9 7 5 6 10 4 5 7 6 6 8 7 5 3 6 6 10 5 7 6 7 6 5 8 7 8 6 8 5 10 7
4-4-16time/s 0.086 0.154 0.096 0.025 0.035 0.023 0.114 0.094 0.016 0.064 0.049 0.049 0.029 0.063 0.017 0.061 0.155 0.041 0.045 0.193 0.047 0.03 0.017 0.122 0.212 0.154 0.043 0.043 0.051 0.056 0.03 0.029 0.097 0.284 0.053 0.016 0.062 0.097 0.027 0.072 0.078 0.055 0.049 0.03 0.053 0.186 0.023 0.05 0.032 0.118 0.029 0.071 0.045 0.182 0.054 0.063 0.055 0.067 0.068 0.016 0.022 0.085 0.072 0.109 0.161 0.052 0.068 0.239 0.064 0.115 0.128 0.036 0.077 0.087 0.013 0.082 0.063 0.064 0.099 0.125 0.079 0.019 0.019 0.055 0.033 0.061 0.054 0.093 0.03 0.151 0.025 0.071 0.063 0.15 0.098 0.023 0.211 0.026 0.184 0.194
4-5-20lowerBound 7 7 8 5 7 6 7 7 5 6 5 6 5 2 6 5 5 3 4 7 5 3 6 5 4 6 4 6 5 6 7 7 5 7 4 6 7 8 8 7 7 3 5 7 1 4 4 7 6 2 5 7 7 6 5 5 5 7 5 4 6 3 5 6 7 6 6 4 5 4 5 7 6 5 7 6 7 3 7 6 6 6 4 4 8 8 5 9 7 7 6 5 7 6 4 7 4 4 6 5
4-5-20upperBound 7 9 13 8 10 14 14 11 6 8 9 12 7 3 11 16 6 4 5 10 8 4 10 8 4 8 9 8 10 8 7 8 11 11 6 10 9 11 10 9 13 5 9 10 2 5 7 12 14 2 8 11 11 10 7 11 10 13 9 5 7 7 9 6 9 7 8 9 7 12 9 7 11 7 14 6 14 6 7 10 8 10 5 9 15 14 7 13 12 18 10 9 9 8 5 8 6 8 7 11
4-5-20time/s 0.097 0.109 0.211 0.142 0.157 0.23 0.223 0.146 0.162 0.242 0.199 0.182 0.093 0.116 0.454 0.408 0.056 0.048 0.07 0.096 0.145 0.042 0.244 0.225 0.069 0.236 0.632 0.137 0.32 0.094 0.056 0.151 0.277 0.294 0.181 0.186 0.204 0.197 0.16 0.172 0.218 0.14 0.494 0.206 0.052 0.152 0.22 0.423 0.226 0.024 0.136 0.279 0.387 0.205 0.133 0.279 0.187 0.166 0.335 0.161 0.063 0.164 0.174 0.041 0.166 0.129 0.127 0.19 0.177 0.256 0.159 0.034 0.282 0.063 0.294 0.03 0.584 0.14 0.032 0.281 0.212 0.166 0.073 0.233 0.46 0.336 0.164 0.157 0.244 0.457 0.109 0.34 0.195 0.085 0.083 0.152 0.15 0.079 0.088 0.218
4-6-24lowerBound 10 7 6 6 4 3 8 5 4 7 6 5 5 5 6 8 5 5 5 5 3 8 6 6 8 9 10 4 4 4 5 4 8 6 7 8 5 10 6 7 4 6 6 7 5 7 6 6 7 8 6 9 9 5 6 6 8 7 8 7 5 6 4 4 7 7 5 6 6 5 8 8 6 6 7 4 3 4 7 10 6 10 7 4 6 5 9 7 7 6 3 3 6 7 6 8 5 9 3 7
4-6-24upperBound 11 14 7 14 10 3 10 11 9 10 8 7 10 11 14 10 8 9 8 7 9 15 9 13 11 13 12 5 5 5 9 4 13 7 13 12 10 14 9 13 6 14 10 9 7 11 12 13 10 16 11 16 11 10 8 7 17 12 13 9 6 8 7 9 13 8 6 8 12 11 14 10 10 7 8 8 4 7 14 12 9 13 8 6 7 7 14 11 10 9 5 12 7 10 8 13 5 11 5 7
4-6-24time/s 0.103 0.445 0.087 0.335 0.861 0.029 0.293 0.655 0.634 0.208 0.464 0.329 0.184 0.362 0.419 0.348 0.202 0.251 0.254 0.08 0.457 0.553 0.277 0.441 0.162 0.273 0.141 0.141 0.13 0.137 0.52 0.045 0.473 0.115 0.499 0.314 0.314 0.229 0.312 0.421 0.332 0.76 0.465 0.258 0.215 0.404 0.354 0.524 0.484 0.473 0.567 0.732 0.151 0.288 0.483 0.242 0.821 0.453 0.283 0.29 0.068 0.213 0.171 0.223 0.6 0.165 0.162 0.292 0.331 0.337 0.661 0.16 0.349 0.222 0.224 0.386 0.056 0.227 0.542 0.225 0.194 0.147 0.127 0.126 0.206 0.094 0.3 0.444 0.191 0.391 0.181 0.375 0.094 0.559 0.239 0.645 0.042 0.497 0.216 0.165
